1 1 0 0 -1461 1.00000
1 2 0 1 -1429 1.00000
1 3 0 2 -1473 1.00000
1 4 0 3 -1418 1.00000
1 5 0 4 -1482 1.00000
1 6 0 5 -1486 1.00000
1 7 0 6 -1574 1.00000
1 8 0 7 -1533 1.00000
1 9 0 8 -1453 1.00000
1 10 0 9 -1578 1.00000
1 18 1 0 -1349 1.00000
1 19 1 1 -1600 1.00000
1 20 1 2 -1464 1.00000
1 21 1 3 -1429 1.00000
1 22 1 4 -1488 1.00000
1 23 1 5 -1434 1.00000
1 24 1 6 -1572 1.00000
1 25 1 7 -1414 1.00000
1 26 1 8 -1474 1.00000
1 27 1 9 -1430 1.00000
1 28 1 10 -1443 1.00000
1 35 2 0 -1413 1.00000
1 36 2 1 -1291 1.00000
1 37 2 2 -1436 1.00000
1 38 2 3 -1309 1.00000
1 39 2 4 -1420 1.00000
1 40 2 5 -1436 1.00000
1 41 2 6 -1453 1.00000
1 42 2 7 -1458 1.00000
1 43 2 8 -1445 1.00000
1 44 2 9 -1595 1.00000
1 45 2 10 -1413 1.00000
1 46 2 11 -1433 1.00000
1 52 3 0 -1483 1.00000
1 53 3 1 -1333 1.00000
1 54 3 2 -1367 1.00000
1 55 3 3 -1487 1.00000
1 56 3 4 -1396 1.00000
1 57 3 5 -1474 1.00000
1 58 3 6 -1393 1.00000
1 59 3 7 -1413 1.00000
1 60 3 8 -1502 1.00000
1 61 3 9 -1446 1.00000
1 62 3 10 -1496 1.00000
1 63 3 11 -1411 1.00000
1 64 3 12 -1516 1.00000
1 69 4 0 -1411 1.00000
1 70 4 1 -1399 1.00000
1 71 4 2 -1328 1.00000
1 72 4 3 -1351 1.00000
1 73 4 4 -1384 1.00000
1 74 4 5 -1436 1.00000
1 75 4 6 -1327 1.00000
1 76 4 7 -1365 1.00000
1 77 4 8 -1481 1.00000
1 78 4 9 -1495 1.00000
1 79 4 10 -1313 1.00000
1 80 4 11 -1472 1.00000
1 81 4 12 -1441 1.00000
1 82 4 13 -1437 1.00000
1 86 5 0 -1600 1.00000
1 87 5 1 -1473 1.00000
1 88 5 2 -1380 1.00000
1 89 5 3 -1428 1.00000
1 90 5 4 -1434 1.00000
1 91 5 5 -1439 1.00000
1 92 5 6 -1404 1.00000
1 93 5 7 -1443 1.00000
1 94 5 8 -1372 1.00000
1 95 5 9 -1409 1.00000
1 96 5 10 -1419 1.00000
1 97 5 11 -1449 1.00000
1 98 5 12 -1473 1.00000
1 99 5 13 -1396 1.00000
1 100 5 14 -1462 1.00000
1 103 6 0 -1381 1.00000
1 104 6 1 -1450 1.00000
1 105 6 2 -1378 1.00000
1 106 6 3 -1412 1.00000
1 107 6 4 -1422 1.00000
1 108 6 5 -1402 1.00000
1 109 6 6 -1443 1.00000
1 110 6 7 -1477 1.00000
1 111 6 8 -1453 1.00000
1 112 6 9 -1422 1.00000
1 113 6 10 -1474 1.00000
1 114 6 11 -1409 1.00000
1 115 6 12 -1424 1.00000
1 116 6 13 -1318 1.00000
1 117 6 14 -1471 1.00000
1 118 6 15 -1349 1.00000
1 120 7 0 -1494 1.00000
1 121 7 1 -1490 1.00000
1 122 7 2 -1311 1.00000
1 123 7 3 -1466 1.00000
1 124 7 4 -1434 1.00000
1 125 7 5 -1476 1.00000
1 126 7 6 -1402 1.00000
1 127 7 7 -1451 1.00000
1 128 7 8 -1416 1.00000
1 129 7 9 -1420 1.00000
1 130 7 10 -1429 1.00000
1 131 7 11 -1481 1.00000
1 132 7 12 -1410 1.00000
1 133 7 13 -1404 1.00000
1 134 7 14 -1371 1.00000
1 135 7 15 -1439 1.00000
1 136 7 16 -1433 1.00000
1 137 8 0 -1328 1.00000
1 138 8 1 -1481 1.00000
1 139 8 2 -1477 1.00000
1 140 8 3 -1446 1.00000
1 141 8 4 -1420 1.00000
1 142 8 5 -1438 1.00000
1 143 8 6 -1467 1.00000
1 144 8 7 -1429 1.00000
1 145 8 8 -1459 1.00000
1 146 8 9 -1429 1.00000
1 147 8 10 -1446 1.00000
1 148 8 11 -1431 1.00000
1 149 8 12 -1454 1.00000
1 150 8 13 -1320 1.00000
1 151 8 14 -1384 1.00000
1 152 8 15 -1449 1.00000
1 153 8 16 -1470 1.00000
1 162 9 8 -1426 1.00000
1 163 9 9 -1409 1.00000
1 164 9 10 -1423 1.00000
1 165 9 11 -1493 1.00000
1 166 9 12 -1437 1.00000
1 167 9 13 -1447 1.00000
1 168 9 14 -1487 1.00000
1 169 9 15 -1372 1.00000
1 170 9 16 -1410 1.00000
1 179 10 8 -1485 1.00000
1 180 10 9 -1590 1.00000
1 181 10 10 -1477 1.00000
1 182 10 11 -1489 1.00000
1 183 10 12 -1397 1.00000
1 184 10 13 -1483 1.00000
1 185 10 14 -1455 1.00000
1 186 10 15 -1482 1.00000
1 187 10 16 -1457 1.00000
1 196 11 8 -1454 1.00000
1 197 11 9 -1551 1.00000
1 198 11 10 -1494 1.00000
1 199 11 11 -1460 1.00000
1 200 11 12 -1420 1.00000
1 201 11 13 -1440 1.00000
1 202 11 14 -1428 1.00000
1 203 11 15 -1356 1.00000
1 204 11 16 -1477 1.00000
1 213 12 8 -1502 1.00000
1 214 12 9 -1446 1.00000
1 215 12 10 -1454 1.00000
1 216 12 11 -1502 1.00000
1 217 12 12 -1526 1.00000
1 218 12 13 -1444 1.00000
1 219 12 14 -1424 1.00000
1 220 12 15 -1458 1.00000
1 221 12 16 -1502 1.00000
1 230 13 8 -1502 1.00000
1 231 13 9 -1449 1.00000
1 232 13 10 -1526 1.00000
1 233 13 11 -1433 1.00000
1 234 13 12 -1447 1.00000
1 235 13 13 -1471 1.00000
1 236 13 14 -1497 1.00000
1 237 13 15 -1413 1.00000
1 238 13 16 -1399 1.00000
1 247 14 8 -1413 1.00000
1 248 14 9 -1462 1.00000
1 249 14 10 -1389 1.00000
1 250 14 11 -1463 1.00000
1 251 14 12 -1427 1.00000
1 252 14 13 -1450 1.00000
1 253 14 14 -1406 1.00000
1 254 14 15 -1368 1.00000
1 255 14 16 -1448 1.00000
1 264 15 8 -1502 1.00000
1 265 15 9 -1416 1.00000
1 266 15 10 -1472 1.00000
1 267 15 11 -1466 1.00000
1 268 15 12 -1457 1.00000
1 269 15 13 -1250 1.00000
1 270 15 14 -1384 1.00000
1 271 15 15 -1427 1.00000
1 272 15 16 -1462 1.00000
1 281 16 8 -1484 1.00000
1 282 16 9 -1472 1.00000
1 283 16 10 -1460 1.00000
1 284 16 11 -1435 1.00000
1 285 16 12 -1481 1.00000
1 286 16 13 -1408 1.00000
1 287 16 14 -1444 1.00000
1 288 16 15 -1360 1.00000
1 289 16 16 -1475 1.00000
1 298 17 8 -1474 1.00000
1 299 17 9 -1409 1.00000
1 300 17 10 -1437 1.00000
1 301 17 11 -1497 1.00000
1 302 17 12 -1488 1.00000
1 303 17 13 -1420 1.00000
1 304 17 14 -1307 1.00000
1 305 17 15 -1413 1.00000
1 306 17 16 -1454 1.00000
1 315 18 8 -1438 1.00000
1 316 18 9 -1469 1.00000
1 317 18 10 -1410 1.00000
1 318 18 11 -1390 1.00000
1 319 18 12 -1413 1.00000
1 320 18 13 -1457 1.00000
1 321 18 14 -1351 1.00000
1 322 18 15 -1271 1.00000
1 323 18 16 -1461 1.00000
1 332 19 8 -1526 1.00000
1 333 19 9 -1455 1.00000
1 334 19 10 -1413 1.00000
1 335 19 11 -1409 1.00000
1 336 19 12 -1425 1.00000
1 337 19 13 -1464 1.00000
1 338 19 14 -1468 1.00000
1 339 19 15 -1461 1.00000
1 340 19 16 -1432 1.00000
1 349 20 8 -1507 1.00000
1 350 20 9 -1419 1.00000
1 351 20 10 -1486 1.00000
1 352 20 11 -1434 1.00000
1 353 20 12 -1481 1.00000
1 354 20 13 -1455 1.00000
1 355 20 14 -1368 1.00000
1 356 20 15 -1417 1.00000
1 357 20 16 -1432 1.00000
1 366 21 8 -1540 1.00000
1 367 21 9 -1490 1.00000
1 368 21 10 -1444 1.00000
1 369 21 11 -1437 1.00000
1 370 21 12 -1417 1.00000
1 371 21 13 -1451 1.00000
1 372 21 14 -1494 1.00000
1 373 21 15 -1380 1.00000
1 374 21 16 -1394 1.00000
1 383 22 8 -1447 1.00000
1 384 22 9 -1483 1.00000
1 385 22 10 -1443 1.00000
1 386 22 11 -1409 1.00000
1 387 22 12 -1442 1.00000
1 388 22 13 -1401 1.00000
1 389 22 14 -1305 1.00000
1 390 22 15 -1357 1.00000
1 391 22 16 -1427 1.00000
1 400 23 8 -1421 1.00000
1 401 23 9 -1600 1.00000
1 402 23 10 -1436 1.00000
1 403 23 11 -1495 1.00000
1 404 23 12 -1447 1.00000
1 405 23 13 -1426 1.00000
1 406 23 14 -1471 1.00000
1 407 23 15 -1383 1.00000
1 408 23 16 -1476 1.00000
1 417 24 8 -1482 1.00000
1 418 24 9 -1413 1.00000
1 419 24 10 -1482 1.00000
1 420 24 11 -1367 1.00000
1 421 24 12 -1430 1.00000
1 422 24 13 -1472 1.00000
1 423 24 14 -1355 1.00000
1 424 24 15 -1352 1.00000
1 425 24 16 -1434 1.00000
1 426 25 0 -1563 1.00000
1 427 25 1 -1456 1.00000
1 428 25 2 -1524 1.00000
1 429 25 3 -1482 1.00000
1 430 25 4 -1500 1.00000
1 431 25 5 -1473 1.00000
1 432 25 6 -1467 1.00000
1 433 25 7 -1451 1.00000
1 434 25 8 -1442 1.00000
1 435 25 9 -1421 1.00000
1 436 25 10 -1476 1.00000
1 437 25 11 -1404 1.00000
1 438 25 12 -1380 1.00000
1 439 25 13 -1318 1.00000
1 440 25 14 -1346 1.00000
1 441 25 15 -1484 1.00000
1 442 25 16 -1326 1.00000
1 443 26 0 -1479 1.00000
1 444 26 1 -1494 1.00000
1 445 26 2 -1444 1.00000
1 446 26 3 -1478 1.00000
1 447 26 4 -1466 1.00000
1 448 26 5 -1423 1.00000
1 449 26 6 -1446 1.00000
1 450 26 7 -1500 1.00000
1 451 26 8 -1417 1.00000
1 452 26 9 -1313 1.00000
1 453 26 10 -1447 1.00000
1 454 26 11 -1375 1.00000
1 455 26 12 -1453 1.00000
1 456 26 13 -1326 1.00000
1 457 26 14 -1330 1.00000
1 458 26 15 -1236 1.00000
1 459 26 16 -1401 1.00000
1 460 27 0 -1424 1.00000
1 461 27 1 -1492 1.00000
1 462 27 2 -1462 1.00000
1 463 27 3 -1448 1.00000
1 464 27 4 -1482 1.00000
1 465 27 5 -1467 1.00000
1 466 27 6 -1486 1.00000
1 467 27 7 -1357 1.00000
1 468 27 8 -1398 1.00000
1 469 27 9 -1410 1.00000
1 470 27 10 -1421 1.00000
1 471 27 11 -1285 1.00000
1 472 27 12 -1267 1.00000
1 473 27 13 -1246 1.00000
1 474 27 14 -1214 1.00000
1 475 27 15 -1163 1.00000
1 477 28 0 -1477 1.00000
1 478 28 1 -1345 1.00000
1 479 28 2 -1373 1.00000
1 480 28 3 -1408 1.00000
1 481 28 4 -1385 1.00000
1 482 28 5 -1388 1.00000
1 483 28 6 -1600 1.00000
1 484 28 7 -1418 1.00000
1 485 28 8 -1285 1.00000
1 486 28 9 -1359 1.00000
1 487 28 10 -1300 1.00000
1 488 28 11 -1289 1.00000
1 489 28 12 -1198 1.00000
1 490 28 13 -1244 1.00000
1 491 28 14 -1221 1.00000
1 494 29 0 -1315 1.00000
1 495 29 1 -1348 1.00000
1 496 29 2 -1323 1.00000
1 497 29 3 -1324 1.00000
1 498 29 4 -1278 1.00000
1 499 29 5 -1368 1.00000
1 500 29 6 -1217 1.00000
1 501 29 7 -1310 1.00000
1 502 29 8 -1269 1.00000
1 503 29 9 -1340 1.00000
1 504 29 10 -1315 1.00000
1 505 29 11 -1336 1.00000
1 506 29 12 -1264 1.00000
1 507 29 13 -1414 1.00000
1 511 30 0 -1402 1.00000
1 512 30 1 -1353 1.00000
1 513 30 2 -1486 1.00000
1 514 30 3 -1352 1.00000
1 515 30 4 -1467 1.00000
1 516 30 5 -1344 1.00000
1 517 30 6 -1284 1.00000
1 518 30 7 -1252 1.00000
1 519 30 8 -1248 1.00000
1 520 30 9 -1219 1.00000
1 521 30 10 -1148 1.00000
1 522 30 11 -1217 1.00000
1 523 30 12 -1181 1.00000
1 528 31 0 -1341 1.00000
1 529 31 1 -1240 1.00000
1 530 31 2 -1309 1.00000
1 531 31 3 -1334 1.00000
1 532 31 4 -1218 1.00000
1 533 31 5 -1237 1.00000
1 534 31 6 -1217 1.00000
1 535 31 7 -1209 1.00000
1 536 31 8 -1284 1.00000
1 537 31 9 -1312 1.00000
1 538 31 10 -1190 1.00000
1 539 31 11 -1170 1.00000
1 545 32 0 -1272 1.00000
1 546 32 1 -1338 1.00000
1 547 32 2 -1309 1.00000
1 548 32 3 -1240 1.00000
1 549 32 4 -1195 1.00000
1 550 32 5 -1323 1.00000
1 551 32 6 -1196 1.00000
1 552 32 7 -1152 1.00000
1 553 32 8 -1225 1.00000
1 554 32 9 -1216 1.00000
1 555 32 10 -1003 1.00000
1 562 33 0 -1437 1.00000
1 563 33 1 -1377 1.00000
1 564 33 2 -1291 1.00000
1 565 33 3 -1236 1.00000
1 566 33 4 -1001 1.00000
1 567 33 5 -1279 1.00000
1 568 33 6 -1273 1.00000
1 569 33 7 -1158 1.00000
1 570 33 8 -1233 1.00000
1 571 33 9 -1276 1.00000
2 1 0 0 -1462 1.00000
2 2 0 1 -1423 1.00000
2 3 0 2 -1498 1.00000
2 4 0 3 -1473 1.00000
2 5 0 4 -1415 1.00000
2 6 0 5 -1464 1.00000
2 7 0 6 -1471 1.00000
2 8 0 7 -1458 1.00000
2 9 0 8 -1413 1.00000
2 10 0 9 -1432 1.00000
2 18 1 0 -1417 1.00000
2 19 1 1 -1312 1.00000
2 20 1 2 -1472 1.00000
2 21 1 3 -1467 1.00000
2 22 1 4 -1455 1.00000
2 23 1 5 -1436 1.00000
2 24 1 6 -1438 1.00000
2 25 1 7 -1474 1.00000
2 26 1 8 -1487 1.00000
2 27 1 9 -1379 1.00000
2 28 1 10 -1414 1.00000
2 35 2 0 -1480 1.00000
2 36 2 1 -1327 1.00000
2 37 2 2 -1332 1.00000
2 38 2 3 -1325 1.00000
2 39 2 4 -1411 1.00000
2 40 2 5 -1465 1.00000
2 41 2 6 -1470 1.00000
2 42 2 7 -1432 1.00000
2 43 2 8 -1455 1.00000
2 44 2 9 -1431 1.00000
2 45 2 10 -1412 1.00000
2 46 2 11 -1502 1.00000
2 52 3 0 -1396 1.00000
2 53 3 1 -1357 1.00000
2 54 3 2 -1311 1.00000
2 55 3 3 -1453 1.00000
2 56 3 4 -1430 1.00000
2 57 3 5 -1440 1.00000
2 58 3 6 -1458 1.00000
2 59 3 7 -1531 1.00000
2 60 3 8 -1412 1.00000
2 61 3 9 -1423 1.00000
2 62 3 10 -1408 1.00000
2 63 3 11 -1412 1.00000
2 64 3 12 -1473 1.00000
2 69 4 0 -1470 1.00000
2 70 4 1 -1439 1.00000
2 71 4 2 -1344 1.00000
2 72 4 3 -1332 1.00000
2 73 4 4 -1390 1.00000
2 74 4 5 -1477 1.00000
2 75 4 6 -1450 1.00000
2 76 4 7 -1466 1.00000
2 77 4 8 -1486 1.00000
2 78 4 9 -1461 1.00000
2 79 4 10 -1417 1.00000
2 80 4 11 -1480 1.00000
2 81 4 12 -1528 1.00000
2 82 4 13 -1542 1.00000
2 86 5 0 -1476 1.00000
2 87 5 1 -1487 1.00000
2 88 5 2 -1417 1.00000
2 89 5 3 -1302 1.00000
2 90 5 4 -1286 1.00000
2 91 5 5 -1342 1.00000
2 92 5 6 -1431 1.00000
2 93 5 7 -1447 1.00000
2 94 5 8 -1486 1.00000
2 95 5 9 -1491 1.00000
2 96 5 10 -1429 1.00000
2 97 5 11 -1484 1.00000
2 98 5 12 -1500 1.00000
2 99 5 13 -1441 1.00000
2 100 5 14 -1383 1.00000
2 103 6 0 -1373 1.00000
2 104 6 1 -1317 1.00000
2 105 6 2 -1464 1.00000
2 106 6 3 -1498 1.00000
2 107 6 4 -1289 1.00000
2 108 6 5 -1450 1.00000
2 109 6 6 -1498 1.00000
2 110 6 7 -1466 1.00000
2 111 6 8 -1418 1.00000
2 112 6 9 -1450 1.00000
2 113 6 10 -1445 1.00000
2 114 6 11 -1464 1.00000
2 115 6 12 -1529 1.00000
2 116 6 13 -1297 1.00000
2 117 6 14 -1477 1.00000
2 118 6 15 -1398 1.00000
2 120 7 0 -1486 1.00000
2 121 7 1 -1441 1.00000
2 122 7 2 -1334 1.00000
2 123 7 3 -1414 1.00000
2 124 7 4 -1474 1.00000
2 125 7 5 -1344 1.00000
2 126 7 6 -1479 1.00000
2 127 7 7 -1445 1.00000
2 128 7 8 -1470 1.00000
2 129 7 9 -1409 1.00000
2 130 7 10 -1482 1.00000
2 131 7 11 -1425 1.00000
2 132 7 12 -1470 1.00000
2 133 7 13 -1473 1.00000
2 134 7 14 -1416 1.00000
2 135 7 15 -1410 1.00000
2 136 7 16 -1471 1.00000
2 137 8 0 -1600 1.00000
2 138 8 1 -1458 1.00000
2 139 8 2 -1425 1.00000
2 140 8 3 -1474 1.00000
2 141 8 4 -1447 1.00000
2 142 8 5 -1494 1.00000
2 143 8 6 -1439 1.00000
2 144 8 7 -1460 1.00000
2 145 8 8 -1339 1.00000
2 146 8 9 -1418 1.00000
2 147 8 10 -1425 1.00000
2 148 8 11 -1424 1.00000
2 149 8 12 -1441 1.00000
2 150 8 13 -1391 1.00000
2 151 8 14 -1461 1.00000
2 152 8 15 -1455 1.00000
2 153 8 16 -1465 1.00000
2 162 9 8 -1455 1.00000
2 163 9 9 -1561 1.00000
2 164 9 10 -1458 1.00000
2 165 9 11 -1503 1.00000
2 166 9 12 -1414 1.00000
2 167 9 13 -1423 1.00000
2 168 9 14 -1455 1.00000
2 169 9 15 -1502 1.00000
2 170 9 16 -1468 1.00000
2 179 10 8 -1494 1.00000
2 180 10 9 -1442 1.00000
2 181 10 10 -1560 1.00000
2 182 10 11 -1458 1.00000
2 183 10 12 -1490 1.00000
2 184 10 13 -1490 1.00000
2 185 10 14 -1409 1.00000
2 186 10 15 -1326 1.00000
2 187 10 16 -1433 1.00000
2 196 11 8 -1548 1.00000
2 197 11 9 -1433 1.00000
2 198 11 10 -1446 1.00000
2 199 11 11 -1414 1.00000
2 200 11 12 -1483 1.00000
2 201 11 13 -1458 1.00000
2 202 11 14 -1199 1.00000
2 203 11 15 -1459 1.00000
2 204 11 16 -1483 1.00000
2 213 12 8 -1498 1.00000
2 214 12 9 -1590 1.00000
2 215 12 10 -1442 1.00000
2 216 12 11 -1435 1.00000
2 217 12 12 -1556 1.00000
2 218 12 13 -1438 1.00000
2 219 12 14 -1514 1.00000
2 220 12 15 -1507 1.00000
2 221 12 16 -1457 1.00000
2 230 13 8 -1538 1.00000
2 231 13 9 -1490 1.00000
2 232 13 10 -1504 1.00000
2 233 13 11 -1502 1.00000
2 234 13 12 -1500 1.00000
2 235 13 13 -1564 1.00000
2 236 13 14 -1487 1.00000
2 237 13 15 -1424 1.00000
2 238 13 16 -1522 1.00000
2 247 14 8 -1535 1.00000
2 248 14 9 -1454 1.00000
2 249 14 10 -1502 1.00000
2 250 14 11 -1419 1.00000
2 251 14 12 -1476 1.00000
2 252 14 13 -1502 1.00000
2 253 14 14 -1429 1.00000
2 254 14 15 -1435 1.00000
2 255 14 16 -1462 1.00000
2 264 15 8 -1498 1.00000
2 265 15 9 -1523 1.00000
2 266 15 10 -1502 1.00000
2 267 15 11 -1493 1.00000
2 268 15 12 -1461 1.00000
2 269 15 13 -1432 1.00000
2 270 15 14 -1463 1.00000
2 271 15 15 -1494 1.00000
2 272 15 16 -1452 1.00000
2 281 16 8 -1523 1.00000
2 282 16 9 -1415 1.00000
2 283 16 10 -1570 1.00000
2 284 16 11 -1235 1.00000
2 285 16 12 -1477 1.00000
2 286 16 13 -1520 1.00000
2 287 16 14 -1458 1.00000
2 288 16 15 -1446 1.00000
2 289 16 16 -1504 1.00000
2 298 17 8 -1502 1.00000
2 299 17 9 -1529 1.00000
2 300 17 10 -1502 1.00000
2 301 17 11 -1491 1.00000
2 302 17 12 -1518 1.00000
2 303 17 13 -1502 1.00000
2 304 17 14 -1471 1.00000
2 305 17 15 -1477 1.00000
2 306 17 16 -1433 1.00000
2 315 18 8 -1527 1.00000
2 316 18 9 -1472 1.00000
2 317 18 10 -1560 1.00000
2 318 18 11 -1502 1.00000
2 319 18 12 -1502 1.00000
2 320 18 13 -1413 1.00000
2 321 18 14 -1498 1.00000
2 322 18 15 -1423 1.00000
2 323 18 16 -1461 1.00000
2 332 19 8 -1511 1.00000
2 333 19 9 -1432 1.00000
2 334 19 10 -1414 1.00000
2 335 19 11 -1497 1.00000
2 336 19 12 -1502 1.00000
2 337 19 13 -1484 1.00000
2 338 19 14 -1489 1.00000
2 339 19 15 -1466 1.00000
2 340 19 16 -1498 1.00000
2 349 20 8 -1501 1.00000
2 350 20 9 -1525 1.00000
2 351 20 10 -1523 1.00000
2 352 20 11 -1553 1.00000
2 353 20 12 -1479 1.00000
2 354 20 13 -1543 1.00000
2 355 20 14 -1409 1.00000
2 356 20 15 -1384 1.00000
2 357 20 16 -1476 1.00000
2 366 21 8 -1511 1.00000
2 367 21 9 -1466 1.00000
2 368 21 10 -1502 1.00000
2 369 21 11 -1410 1.00000
2 370 21 12 -1477 1.00000
2 371 21 13 -1481 1.00000
2 372 21 14 -1421 1.00000
2 373 21 15 -1462 1.00000
2 374 21 16 -1571 1.00000
2 383 22 8 -1500 1.00000
2 384 22 9 -1473 1.00000
2 385 22 10 -1472 1.00000
2 386 22 11 -1438 1.00000
2 387 22 12 -1447 1.00000
2 388 22 13 -1458 1.00000
2 389 22 14 -1493 1.00000
2 390 22 15 -1444 1.00000
2 391 22 16 -1472 1.00000
2 400 23 8 -1502 1.00000
2 401 23 9 -1521 1.00000
2 402 23 10 -1469 1.00000
2 403 23 11 -1446 1.00000
2 404 23 12 -1490 1.00000
2 405 23 13 -1412 1.00000
2 406 23 14 -1468 1.00000
2 407 23 15 -1420 1.00000
2 408 23 16 -1459 1.00000
2 417 24 8 -1488 1.00000
2 418 24 9 -1436 1.00000
2 419 24 10 -1450 1.00000
2 420 24 11 -1496 1.00000
2 421 24 12 -1502 1.00000
2 422 24 13 -1410 1.00000
2 423 24 14 -1483 1.00000
2 424 24 15 -1416 1.00000
2 425 24 16 -1510 1.00000
2 426 25 0 -1529 1.00000
2 427 25 1 -1585 1.00000
2 428 25 2 -1534 1.00000
2 429 25 3 -1541 1.00000
2 430 25 4 -1501 1.00000
2 431 25 5 -1568 1.00000
2 432 25 6 -1506 1.00000
2 433 25 7 -1447 1.00000
2 434 25 8 -1469 1.00000
2 435 25 9 -1424 1.00000
2 436 25 10 -1443 1.00000
2 437 25 11 -1427 1.00000
2 438 25 12 -1443 1.00000
2 439 25 13 -1410 1.00000
2 440 25 14 -1419 1.00000
2 441 25 15 -1288 1.00000
2 442 25 16 -1422 1.00000
2 443 26 0 -1494 1.00000
2 444 26 1 -1428 1.00000
2 445 26 2 -1495 1.00000
2 446 26 3 -1441 1.00000
2 447 26 4 -1483 1.00000
2 448 26 5 -1550 1.00000
2 449 26 6 -1445 1.00000
2 450 26 7 -1427 1.00000
2 451 26 8 -1498 1.00000
2 452 26 9 -1600 1.00000
2 453 26 10 -1451 1.00000
2 454 26 11 -1496 1.00000
2 455 26 12 -1458 1.00000
2 456 26 13 -1411 1.00000
2 457 26 14 -1370 1.00000
2 458 26 15 -1361 1.00000
2 459 26 16 -1437 1.00000
2 460 27 0 -1502 1.00000
2 461 27 1 -1483 1.00000
2 462 27 2 -1468 1.00000
2 463 27 3 -1457 1.00000
2 464 27 4 -1456 1.00000
2 465 27 5 -1469 1.00000
2 466 27 6 -1477 1.00000
2 467 27 7 -1459 1.00000
2 468 27 8 -1440 1.00000
2 469 27 9 -1489 1.00000
2 470 27 10 -1486 1.00000
2 471 27 11 -1443 1.00000
2 472 27 12 -1350 1.00000
2 473 27 13 -1424 1.00000
2 474 27 14 -1448 1.00000
2 475 27 15 -1264 1.00000
2 477 28 0 -1412 1.00000
2 478 28 1 -1471 1.00000
2 479 28 2 -1439 1.00000
2 480 28 3 -1415 1.00000
2 481 28 4 -1433 1.00000
2 482 28 5 -1389 1.00000
2 483 28 6 -1431 1.00000
2 484 28 7 -1502 1.00000
2 485 28 8 -1458 1.00000
2 486 28 9 -1461 1.00000
2 487 28 10 -1348 1.00000
2 488 28 11 -1489 1.00000
2 489 28 12 -1320 1.00000
2 490 28 13 -1426 1.00000
2 491 28 14 -1373 1.00000
2 494 29 0 -1402 1.00000
2 495 29 1 -1383 1.00000
2 496 29 2 -1426 1.00000
2 497 29 3 -1225 1.00000
2 498 29 4 -1335 1.00000
2 499 29 5 -1392 1.00000
2 500 29 6 -1268 1.00000
2 501 29 7 -1279 1.00000
2 502 29 8 -1427 1.00000
2 503 29 9 -1419 1.00000
2 504 29 10 -1502 1.00000
2 505 29 11 -1284 1.00000
2 506 29 12 -1223 1.00000
2 507 29 13 -1253 1.00000
2 511 30 0 -1389 1.00000
2 512 30 1 -1377 1.00000
2 513 30 2 -1437 1.00000
2 514 30 3 -1423 1.00000
2 515 30 4 -1373 1.00000
2 516 30 5 -1447 1.00000
2 517 30 6 -1430 1.00000
2 518 30 7 -1299 1.00000
2 519 30 8 -1338 1.00000
2 520 30 9 -1316 1.00000
2 521 30 10 -1215 1.00000
2 522 30 11 -1255 1.00000
2 523 30 12 -1284 1.00000
2 528 31 0 -1384 1.00000
2 529 31 1 -1338 1.00000
2 530 31 2 -1235 1.00000
2 531 31 3 -1371 1.00000
2 532 31 4 -1224 1.00000
2 533 31 5 -1365 1.00000
2 534 31 6 -1314 1.00000
2 535 31 7 -1391 1.00000
2 536 31 8 -1377 1.00000
2 537 31 9 -1262 1.00000
2 538 31 10 -1137 1.00000
2 539 31 11 -1199 1.00000
2 545 32 0 -1359 1.00000
2 546 32 1 -1247 1.00000
2 547 32 2 -1305 1.00000
2 548 32 3 -1289 1.00000
2 549 32 4 -1274 1.00000
2 550 32 5 -1210 1.00000
2 551 32 6 -1223 1.00000
2 552 32 7 -1162 1.00000
2 553 32 8 -1135 1.00000
2 554 32 9 -1034 1.00000
2 555 32 10 -1126 1.00000
2 562 33 0 -1258 1.00000
2 563 33 1 -1293 1.00000
2 564 33 2 -1384 1.00000
2 565 33 3 -1166 1.00000
2 566 33 4 -1296 1.00000
2 567 33 5 -1240 1.00000
2 568 33 6 -1309 1.00000
2 569 33 7 -1215 1.00000
2 570 33 8 -1107 1.00000
2 571 33 9 -1188 1.00000
