3 1 0 0 4 1.00000
3 2 0 1 8C 1.00000
3 3 0 2 4F 1.00000
3 4 0 3 8E 1.00000
3 5 0 4 B6 1.00000
3 6 0 5 B2 1.00000
3 7 0 6 C6 1.00000
3 8 0 7 EF 1.00000
3 9 0 8 B9 1.00000
3 10 0 9 A9 1.00000
3 11 0 10 C5 1.00000
3 12 0 11 EC 1.00000
3 13 1 0 9E 1.00000
3 14 1 1 30 1.00000
3 15 1 2 45 1.00000
3 16 1 3 43 1.00000
3 17 1 4 68 1.00000
3 18 1 5 A3 1.00000
3 19 1 6 15 1.00000
3 20 1 7 9C 1.00000
3 21 1 8 A1 1.00000
3 22 1 9 9C 1.00000
3 23 1 10 B9 1.00000
3 24 1 11 A7 1.00000
3 25 2 0 7 1.00000
3 26 2 1 3B 1.00000
3 27 2 2 8F 1.00000
3 28 2 3 E0 1.00000
3 29 2 4 43 1.00000
3 30 2 5 7D 1.00000
3 31 2 6 6E 1.00000
3 32 2 7 86 1.00000
3 33 2 8 AE 1.00000
3 34 2 9 78 1.00000
3 35 2 10 99 1.00000
3 36 2 11 D8 1.00000
3 37 3 0 87 1.00000
3 38 3 1 97 1.00000
3 39 3 2 8 1.00000
3 40 3 3 46 1.00000
3 41 3 4 A 1.00000
3 42 3 5 4A 1.00000
3 43 3 6 67 1.00000
3 44 3 7 75 1.00000
3 45 3 8 9A 1.00000
3 46 3 9 96 1.00000
3 47 3 10 95 1.00000
3 48 3 11 A5 1.00000
3 49 4 0 22 1.00000
3 50 4 1 1B 1.00000
3 51 4 2 14 1.00000
3 52 4 3 2C 1.00000
3 53 4 4 FD 1.00000
3 54 4 5 73 1.00000
3 55 4 6 89 1.00000
3 56 4 7 7B 1.00000
3 57 4 8 A3 1.00000
3 58 4 9 84 1.00000
3 59 4 10 AE 1.00000
3 60 4 11 D5 1.00000
3 61 5 0 C 1.00000
3 62 5 1 25 1.00000
3 63 5 2 60 1.00000
3 64 5 3 3E 1.00000
3 65 5 4 36 1.00000
3 66 5 5 4E 1.00000
3 67 5 6 51 1.00000
3 68 5 7 44 1.00000
3 69 5 8 64 1.00000
3 70 5 9 73 1.00000
3 71 5 10 B2 1.00000
3 72 5 11 7D 1.00000
3 73 6 0 87 1.00000
3 74 6 1 34 1.00000
3 75 6 2 36 1.00000
3 76 6 3 2C 1.00000
3 77 6 4 3D 1.00000
3 78 6 5 25 1.00000
3 79 6 6 15 1.00000
3 80 6 7 ED 1.00000
3 81 6 8 96 1.00000
3 82 6 9 74 1.00000
3 83 6 10 94 1.00000
3 84 6 11 A2 1.00000
3 90 7 5 EB 1.00000
3 91 7 6 AA 1.00000
3 92 7 7 4D 1.00000
3 93 7 8 92 1.00000
3 94 7 9 8C 1.00000
3 95 7 10 92 1.00000
3 96 7 11 BF 1.00000
3 102 8 5 A8 1.00000
3 103 8 6 A0 1.00000
3 104 8 7 D1 1.00000
3 105 8 8 74 1.00000
3 106 8 9 5B 1.00000
3 107 8 10 EA 1.00000
3 108 8 11 94 1.00000
3 114 9 5 70 1.00000
3 115 9 6 C6 1.00000
3 116 9 7 91 1.00000
3 117 9 8 A5 1.00000
3 118 9 9 7F 1.00000
3 119 9 10 C5 1.00000
3 120 9 11 FF 1.00000
3 126 10 5 22 1.00000
3 127 10 6 3C 1.00000
3 128 10 7 34 1.00000
3 129 10 8 4C 1.00000
3 130 10 9 C2 1.00000
3 131 10 10 1C 1.00000
3 132 10 11 AD 1.00000
3 138 11 5 C1 1.00000
3 139 11 6 C0 1.00000
3 140 11 7 A3 1.00000
3 141 11 8 B0 1.00000
3 142 11 9 64 1.00000
3 143 11 10 BE 1.00000
3 144 11 11 A2 1.00000
3 150 12 5 B9 1.00000
3 151 12 6 BB 1.00000
3 152 12 7 72 1.00000
3 153 12 8 77 1.00000
3 154 12 9 D1 1.00000
3 155 12 10 D7 1.00000
3 156 12 11 E0 1.00000
3 162 13 5 FD 1.00000
3 163 13 6 58 1.00000
3 164 13 7 89 1.00000
3 165 13 8 98 1.00000
3 166 13 9 9B 1.00000
3 167 13 10 17 1.00000
3 168 13 11 37 1.00000
3 174 14 5 C6 1.00000
3 175 14 6 E7 1.00000
3 176 14 7 8F 1.00000
3 177 14 8 7D 1.00000
3 178 14 9 C9 1.00000
3 179 14 10 DA 1.00000
3 180 14 11 E8 1.00000
3 186 15 5 F6 1.00000
3 187 15 6 E7 1.00000
3 188 15 7 C7 1.00000
3 189 15 8 6D 1.00000
3 190 15 9 5F 1.00000
3 191 15 10 4B 1.00000
3 192 15 11 79 1.00000
3 198 16 5 FF 1.00000
3 199 16 6 F5 1.00000
3 200 16 7 9F 1.00000
3 201 16 8 81 1.00000
3 202 16 9 AB 1.00000
3 203 16 10 53 1.00000
3 204 16 11 DD 1.00000
3 205 17 0 D4 1.00000
3 206 17 1 F6 1.00000
3 207 17 2 D7 1.00000
3 208 17 3 E0 1.00000
3 209 17 4 FF 1.00000
3 210 17 5 FF 1.00000
3 211 17 6 C5 1.00000
3 212 17 7 BB 1.00000
3 213 17 8 C8 1.00000
3 214 17 9 9B 1.00000
3 215 17 10 C0 1.00000
3 216 17 11 BF 1.00000
3 217 18 0 F0 1.00000
3 218 18 1 DC 1.00000
3 219 18 2 E7 1.00000
3 220 18 3 E9 1.00000
3 221 18 4 FD 1.00000
3 222 18 5 F8 1.00000
3 223 18 6 E4 1.00000
3 224 18 7 B8 1.00000
3 225 18 8 B5 1.00000
3 226 18 9 A6 1.00000
3 227 18 10 8F 1.00000
3 228 18 11 8F 1.00000
3 229 19 0 D4 1.00000
3 230 19 1 D9 1.00000
3 231 19 2 F2 1.00000
3 232 19 3 FE 1.00000
3 233 19 4 D0 1.00000
3 234 19 5 E3 1.00000
3 235 19 6 B7 1.00000
3 236 19 7 D4 1.00000
3 237 19 8 C2 1.00000
3 238 19 9 9E 1.00000
3 239 19 10 B6 1.00000
3 240 19 11 7E 1.00000
3 241 20 0 D7 1.00000
3 242 20 1 D7 1.00000
3 243 20 2 E1 1.00000
3 244 20 3 EA 1.00000
3 245 20 4 CA 1.00000
3 246 20 5 F2 1.00000
3 247 20 6 AD 1.00000
3 248 20 7 A2 1.00000
3 249 20 8 FA 1.00000
3 250 20 9 D6 1.00000
3 251 20 10 A0 1.00000
3 252 20 11 B3 1.00000
3 253 21 0 DA 1.00000
3 254 21 1 D1 1.00000
3 255 21 2 A6 1.00000
3 256 21 3 E4 1.00000
3 257 21 4 90 1.00000
3 258 21 5 B3 1.00000
3 259 21 6 B3 1.00000
3 260 21 7 A3 1.00000
3 261 21 8 9C 1.00000
3 262 21 9 E1 1.00000
3 263 21 10 BD 1.00000
3 264 21 11 9E 1.00000
3 265 22 0 ED 1.00000
3 266 22 1 FE 1.00000
3 267 22 2 71 1.00000
3 268 22 3 E1 1.00000
3 269 22 4 C6 1.00000
3 270 22 5 C1 1.00000
3 271 22 6 91 1.00000
3 272 22 7 DC 1.00000
3 273 22 8 C4 1.00000
3 274 22 9 EF 1.00000
3 275 22 10 CB 1.00000
3 276 22 11 8A 1.00000
3 277 23 0 B4 1.00000
3 278 23 1 BF 1.00000
3 279 23 2 AB 1.00000
3 280 23 3 EC 1.00000
3 281 23 4 AB 1.00000
3 282 23 5 A3 1.00000
3 283 23 6 83 1.00000
3 284 23 7 B1 1.00000
3 285 23 8 DB 1.00000
3 286 23 9 B0 1.00000
3 287 23 10 BB 1.00000
3 288 23 11 B6 1.00000
4 1 0 0 86 1.00000
4 2 0 1 34 1.00000
4 3 0 2 B9 1.00000
4 4 0 3 42 1.00000
4 5 0 4 C5 1.00000
4 6 0 5 62 1.00000
4 7 0 6 94 1.00000
4 8 0 7 FF 1.00000
4 9 0 8 AA 1.00000
4 10 0 9 C0 1.00000
4 11 0 10 DC 1.00000
4 12 0 11 BD 1.00000
4 13 1 0 33 1.00000
4 14 1 1 4B 1.00000
4 15 1 2 67 1.00000
4 16 1 3 4E 1.00000
4 17 1 4 6E 1.00000
4 18 1 5 40 1.00000
4 19 1 6 8B 1.00000
4 20 1 7 A4 1.00000
4 21 1 8 91 1.00000
4 22 1 9 8A 1.00000
4 23 1 10 B6 1.00000
4 24 1 11 F9 1.00000
4 25 2 0 33 1.00000
4 26 2 1 2D 1.00000
4 27 2 2 15 1.00000
4 28 2 3 41 1.00000
4 29 2 4 7C 1.00000
4 30 2 5 94 1.00000
4 31 2 6 44 1.00000
4 32 2 7 9C 1.00000
4 33 2 8 81 1.00000
4 34 2 9 98 1.00000
4 35 2 10 B0 1.00000
4 36 2 11 A9 1.00000
4 37 3 0 56 1.00000
4 38 3 1 14 1.00000
4 39 3 2 23 1.00000
4 40 3 3 99 1.00000
4 41 3 4 5C 1.00000
4 42 3 5 6E 1.00000
4 43 3 6 7A 1.00000
4 44 3 7 79 1.00000
4 45 3 8 A2 1.00000
4 46 3 9 68 1.00000
4 47 3 10 9D 1.00000
4 48 3 11 9D 1.00000
4 49 4 0 D2 1.00000
4 50 4 1 E 1.00000
4 51 4 2 A3 1.00000
4 52 4 3 5E 1.00000
4 53 4 4 58 1.00000
4 54 4 5 4D 1.00000
4 55 4 6 56 1.00000
4 56 4 7 6A 1.00000
4 57 4 8 8E 1.00000
4 58 4 9 F4 1.00000
4 59 4 10 A4 1.00000
4 60 4 11 84 1.00000
4 61 5 0 11 1.00000
4 62 5 1 A 1.00000
4 63 5 2 1A 1.00000
4 64 5 3 F 1.00000
4 65 5 4 10 1.00000
4 66 5 5 4C 1.00000
4 67 5 6 61 1.00000
4 68 5 7 9C 1.00000
4 69 5 8 80 1.00000
4 70 5 9 C2 1.00000
4 71 5 10 96 1.00000
4 72 5 11 B8 1.00000
4 73 6 0 32 1.00000
4 74 6 1 39 1.00000
4 75 6 2 38 1.00000
4 76 6 3 0 1.00000
4 77 6 4 90 1.00000
4 78 6 5 39 1.00000
4 79 6 6 78 1.00000
4 80 6 7 FF 1.00000
4 81 6 8 A2 1.00000
4 82 6 9 91 1.00000
4 83 6 10 DA 1.00000
4 84 6 11 B2 1.00000
4 90 7 5 5D 1.00000
4 91 7 6 49 1.00000
4 92 7 7 90 1.00000
4 93 7 8 8D 1.00000
4 94 7 9 BC 1.00000
4 95 7 10 C8 1.00000
4 96 7 11 EF 1.00000
4 102 8 5 88 1.00000
4 103 8 6 A5 1.00000
4 104 8 7 7B 1.00000
4 105 8 8 C0 1.00000
4 106 8 9 57 1.00000
4 107 8 10 62 1.00000
4 108 8 11 CF 1.00000
4 114 9 5 9A 1.00000
4 115 9 6 B8 1.00000
4 116 9 7 DC 1.00000
4 117 9 8 A4 1.00000
4 118 9 9 80 1.00000
4 119 9 10 33 1.00000
4 120 9 11 8B 1.00000
4 126 10 5 8E 1.00000
4 127 10 6 5E 1.00000
4 128 10 7 AA 1.00000
4 129 10 8 79 1.00000
4 130 10 9 8A 1.00000
4 131 10 10 7A 1.00000
4 132 10 11 BF 1.00000
4 138 11 5 A4 1.00000
4 139 11 6 66 1.00000
4 140 11 7 C2 1.00000
4 141 11 8 6E 1.00000
4 142 11 9 96 1.00000
4 143 11 10 99 1.00000
4 144 11 11 C0 1.00000
4 150 12 5 D6 1.00000
4 151 12 6 B9 1.00000
4 152 12 7 CF 1.00000
4 153 12 8 8F 1.00000
4 154 12 9 82 1.00000
4 155 12 10 8B 1.00000
4 156 12 11 94 1.00000
4 162 13 5 C9 1.00000
4 163 13 6 3E 1.00000
4 164 13 7 E4 1.00000
4 165 13 8 CC 1.00000
4 166 13 9 B2 1.00000
4 167 13 10 52 1.00000
4 168 13 11 8D 1.00000
4 174 14 5 DA 1.00000
4 175 14 6 DD 1.00000
4 176 14 7 D6 1.00000
4 177 14 8 A0 1.00000
4 178 14 9 E7 1.00000
4 179 14 10 87 1.00000
4 180 14 11 AE 1.00000
4 186 15 5 F1 1.00000
4 187 15 6 DA 1.00000
4 188 15 7 DB 1.00000
4 189 15 8 F1 1.00000
4 190 15 9 B4 1.00000
4 191 15 10 C0 1.00000
4 192 15 11 86 1.00000
4 198 16 5 FF 1.00000
4 199 16 6 A7 1.00000
4 200 16 7 95 1.00000
4 201 16 8 C7 1.00000
4 202 16 9 C1 1.00000
4 203 16 10 F8 1.00000
4 204 16 11 C4 1.00000
4 205 17 0 FF 1.00000
4 206 17 1 D8 1.00000
4 207 17 2 E3 1.00000
4 208 17 3 F5 1.00000
4 209 17 4 F5 1.00000
4 210 17 5 FD 1.00000
4 211 17 6 FA 1.00000
4 212 17 7 F0 1.00000
4 213 17 8 B8 1.00000
4 214 17 9 BC 1.00000
4 215 17 10 9F 1.00000
4 216 17 11 CF 1.00000
4 217 18 0 45 1.00000
4 218 18 1 D4 1.00000
4 219 18 2 DC 1.00000
4 220 18 3 DA 1.00000
4 221 18 4 F1 1.00000
4 222 18 5 FE 1.00000
4 223 18 6 A8 1.00000
4 224 18 7 9D 1.00000
4 225 18 8 C1 1.00000
4 226 18 9 B0 1.00000
4 227 18 10 C6 1.00000
4 228 18 11 EA 1.00000
4 229 19 0 92 1.00000
4 230 19 1 D9 1.00000
4 231 19 2 DE 1.00000
4 232 19 3 E5 1.00000
4 233 19 4 EB 1.00000
4 234 19 5 CE 1.00000
4 235 19 6 E3 1.00000
4 236 19 7 E8 1.00000
4 237 19 8 D3 1.00000
4 238 19 9 AA 1.00000
4 239 19 10 E0 1.00000
4 240 19 11 B6 1.00000
4 241 20 0 EE 1.00000
4 242 20 1 FA 1.00000
4 243 20 2 E5 1.00000
4 244 20 3 E2 1.00000
4 245 20 4 F2 1.00000
4 246 20 5 E3 1.00000
4 247 20 6 B5 1.00000
4 248 20 7 CB 1.00000
4 249 20 8 BC 1.00000
4 250 20 9 D0 1.00000
4 251 20 10 94 1.00000
4 252 20 11 C1 1.00000
4 253 21 0 E6 1.00000
4 254 21 1 F7 1.00000
4 255 21 2 7C 1.00000
4 256 21 3 D7 1.00000
4 257 21 4 AA 1.00000
4 258 21 5 DA 1.00000
4 259 21 6 DE 1.00000
4 260 21 7 A9 1.00000
4 261 21 8 A9 1.00000
4 262 21 9 EA 1.00000
4 263 21 10 C1 1.00000
4 264 21 11 CF 1.00000
4 265 22 0 FF 1.00000
4 266 22 1 FF 1.00000
4 267 22 2 F4 1.00000
4 268 22 3 96 1.00000
4 269 22 4 B1 1.00000
4 270 22 5 D6 1.00000
4 271 22 6 BD 1.00000
4 272 22 7 D3 1.00000
4 273 22 8 B7 1.00000
4 274 22 9 B2 1.00000
4 275 22 10 AC 1.00000
4 276 22 11 BB 1.00000
4 277 23 0 83 1.00000
4 278 23 1 7F 1.00000
4 279 23 2 8C 1.00000
4 280 23 3 41 1.00000
4 281 23 4 E2 1.00000
4 282 23 5 A2 1.00000
4 283 23 6 A2 1.00000
4 284 23 7 8D 1.00000
4 285 23 8 9D 1.00000
4 286 23 9 B2 1.00000
4 287 23 10 E4 1.00000
4 288 23 11 B2 1.00000
