8 1 3 11 22
8 2 3 11 23
8 3 3 11 8
8 4 3 11 9
8 5 3 11 10
8 6 3 11 11
8 7 3 11 12
8 8 3 11 13
8 9 3 11 14
8 10 3 11 15
8 18 3 5 7
8 19 3 5 15
8 20 3 5 23
8 21 3 5 31
8 22 3 6 7
8 23 3 6 15
8 24 3 6 23
8 25 3 6 31
8 26 3 7 2
8 27 3 7 1
8 28 3 7 0
8 35 3 5 6
8 36 3 5 14
8 37 3 5 22
8 38 3 5 30
8 39 3 6 6
8 40 3 6 14
8 41 3 6 22
8 42 3 6 30
8 43 3 7 11
8 44 3 7 10
8 45 3 7 9
8 46 3 7 8
8 52 3 5 5
8 53 3 5 13
8 54 3 5 21
8 55 3 5 29
8 56 3 6 5
8 57 3 6 13
8 58 3 6 21
8 59 3 6 29
8 60 3 7 19
8 61 3 7 18
8 62 3 7 17
8 63 3 7 16
8 64 3 11 21
8 69 3 5 4
8 70 3 5 12
8 71 3 5 20
8 72 3 5 28
8 73 3 6 4
8 74 3 6 12
8 75 3 6 20
8 76 3 6 28
8 77 3 7 27
8 78 3 7 26
8 79 3 7 25
8 80 3 7 24
8 81 3 11 20
8 82 3 11 19
8 86 3 5 3
8 87 3 5 11
8 88 3 5 19
8 89 3 5 27
8 90 3 6 3
8 91 3 6 11
8 92 3 6 19
8 93 3 6 27
8 94 3 8 6
8 95 3 8 5
8 96 3 8 4
8 97 3 8 3
8 98 3 8 2
8 99 3 8 1
8 100 3 8 0
8 103 3 5 2
8 104 3 5 10
8 105 3 5 18
8 106 3 5 26
8 107 3 6 2
8 108 3 6 10
8 109 3 6 18
8 110 3 6 26
8 111 3 8 8
8 112 3 8 9
8 113 3 8 10
8 114 3 8 11
8 115 3 8 12
8 116 3 8 13
8 117 3 8 14
8 118 3 8 15
8 120 3 5 1
8 121 3 5 9
8 122 3 5 17
8 123 3 5 25
8 124 3 6 1
8 125 3 6 9
8 126 3 6 17
8 127 3 6 25
8 128 3 8 16
8 129 3 8 17
8 130 3 8 18
8 131 3 8 19
8 132 3 8 20
8 133 3 8 21
8 134 3 8 22
8 135 3 8 23
8 136 3 11 18
8 137 3 5 0
8 138 3 5 8
8 139 3 5 16
8 140 3 5 24
8 141 3 6 0
8 142 3 6 8
8 143 3 6 16
8 144 3 6 24
8 145 3 8 24
8 146 3 8 25
8 147 3 8 26
8 148 3 8 27
8 149 3 8 28
8 150 3 8 29
8 151 3 8 30
8 152 3 8 31
8 153 3 11 17
8 162 3 9 0
8 163 3 9 1
8 164 3 9 2
8 165 3 9 3
8 166 3 9 4
8 167 3 9 5
8 168 3 9 6
8 169 3 9 7
8 170 3 11 16
8 179 3 9 8
8 180 3 9 9
8 181 3 9 10
8 182 3 9 11
8 183 3 9 12
8 184 3 9 13
8 185 3 9 14
8 186 3 9 15
8 187 3 11 0
8 196 3 9 16
8 197 3 9 17
8 198 3 9 18
8 199 3 9 19
8 200 3 9 20
8 201 3 9 21
8 202 3 9 22
8 203 3 9 23
8 204 3 11 1
8 213 3 9 24
8 214 3 9 25
8 215 3 9 26
8 216 3 9 27
8 217 3 9 28
8 218 3 9 29
8 219 3 9 30
8 220 3 9 31
8 221 3 11 2
8 230 3 10 0
8 231 3 10 1
8 232 3 10 2
8 233 3 10 3
8 234 3 10 4
8 235 3 10 5
8 236 3 10 6
8 237 3 10 7
8 238 3 11 3
8 247 3 10 8
8 248 3 10 9
8 249 3 10 10
8 250 3 10 11
8 251 3 10 12
8 252 3 10 13
8 253 3 10 14
8 254 3 10 15
8 255 3 11 5
8 264 3 10 16
8 265 3 10 17
8 266 3 10 18
8 267 3 10 19
8 268 3 10 20
8 269 3 10 21
8 270 3 10 22
8 271 3 10 23
8 272 3 11 6
8 281 3 10 24
8 282 3 10 25
8 283 3 10 26
8 284 3 10 27
8 285 3 10 28
8 286 3 10 29
8 287 3 10 30
8 288 3 10 31
8 289 3 11 4
8 298 4 10 24
8 299 4 10 25
8 300 4 10 26
8 301 4 10 27
8 302 4 10 28
8 303 4 10 29
8 304 4 10 30
8 305 4 10 31
8 306 4 11 4
8 315 4 10 16
8 316 4 10 17
8 317 4 10 18
8 318 4 10 19
8 319 4 10 20
8 320 4 10 21
8 321 4 10 22
8 322 4 10 23
8 323 4 11 6
8 332 4 10 8
8 333 4 10 9
8 334 4 10 10
8 335 4 10 11
8 336 4 10 12
8 337 4 10 13
8 338 4 10 14
8 339 4 10 15
8 340 4 11 3
8 349 4 10 0
8 350 4 10 1
8 351 4 10 2
8 352 4 10 3
8 353 4 10 4
8 354 4 10 5
8 355 4 10 6
8 356 4 10 7
8 357 4 11 5
8 366 4 9 24
8 367 4 9 25
8 368 4 9 26
8 369 4 9 27
8 370 4 9 28
8 371 4 9 29
8 372 4 9 30
8 373 4 9 31
8 374 4 11 2
8 383 4 9 16
8 384 4 9 17
8 385 4 9 18
8 386 4 9 19
8 387 4 9 20
8 388 4 9 21
8 389 4 9 22
8 390 4 9 23
8 391 4 11 1
8 400 4 9 8
8 401 4 9 9
8 402 4 9 10
8 403 4 9 11
8 404 4 9 12
8 405 4 9 13
8 406 4 9 14
8 407 4 9 15
8 408 4 11 0
8 417 4 9 0
8 418 4 9 1
8 419 4 9 2
8 420 4 9 3
8 421 4 9 4
8 422 4 9 5
8 423 4 9 6
8 424 4 9 7
8 425 4 11 16
8 426 4 5 0
8 427 4 5 8
8 428 4 5 16
8 429 4 5 24
8 430 4 6 0
8 431 4 6 8
8 432 4 6 16
8 433 4 6 24
8 434 4 8 24
8 435 4 8 25
8 436 4 8 26
8 437 4 8 27
8 438 4 8 28
8 439 4 8 29
8 440 4 8 30
8 441 4 8 31
8 442 4 11 17
8 443 4 5 1
8 444 4 5 9
8 445 4 5 17
8 446 4 5 25
8 447 4 6 1
8 448 4 6 9
8 449 4 6 17
8 450 4 6 25
8 451 4 8 16
8 452 4 8 17
8 453 4 8 18
8 454 4 8 19
8 455 4 8 20
8 456 4 8 21
8 457 4 8 22
8 458 4 8 23
8 459 4 11 18
8 460 4 5 2
8 461 4 5 10
8 462 4 5 18
8 463 4 5 26
8 464 4 6 2
8 465 4 6 10
8 466 4 6 18
8 467 4 6 26
8 468 4 8 8
8 469 4 8 9
8 470 4 8 10
8 471 4 8 11
8 472 4 8 12
8 473 4 8 13
8 474 4 8 14
8 475 4 8 15
8 477 4 5 3
8 478 4 5 11
8 479 4 5 19
8 480 4 5 27
8 481 4 6 3
8 482 4 6 11
8 483 4 6 19
8 484 4 6 27
8 485 4 8 6
8 486 4 8 5
8 487 4 8 4
8 488 4 8 3
8 489 4 8 2
8 490 4 8 1
8 491 4 8 0
8 494 4 5 4
8 495 4 5 12
8 496 4 5 20
8 497 4 5 28
8 498 4 6 4
8 499 4 6 12
8 500 4 6 20
8 501 4 6 28
8 502 4 7 27
8 503 4 7 26
8 504 4 7 25
8 505 4 7 24
8 506 4 11 20
8 507 4 11 19
8 511 4 5 5
8 512 4 5 13
8 513 4 5 21
8 514 4 5 29
8 515 4 6 5
8 516 4 6 13
8 517 4 6 21
8 518 4 6 29
8 519 4 7 19
8 520 4 7 18
8 521 4 7 17
8 522 4 7 16
8 523 4 11 21
8 528 4 5 6
8 529 4 5 14
8 530 4 5 22
8 531 4 5 30
8 532 4 6 6
8 533 4 6 14
8 534 4 6 22
8 535 4 6 30
8 536 4 7 11
8 537 4 7 10
8 538 4 7 9
8 539 4 7 8
8 545 4 5 7
8 546 4 5 15
8 547 4 5 23
8 548 4 5 31
8 549 4 6 7
8 550 4 6 15
8 551 4 6 23
8 552 4 6 31
8 553 4 7 2
8 554 4 7 1
8 555 4 7 0
8 562 4 11 22
8 563 4 11 23
8 564 4 11 8
8 565 4 11 9
8 566 4 11 10
8 567 4 11 11
8 568 4 11 12
8 569 4 11 13
8 570 4 11 14
8 571 4 11 15
9 1 1 11 22
9 2 1 11 23
9 3 1 11 8
9 4 1 11 9
9 5 1 11 10
9 6 1 11 11
9 7 1 11 12
9 8 1 11 13
9 9 1 11 14
9 10 1 11 15
9 18 1 5 7
9 19 1 5 15
9 20 1 5 23
9 21 1 5 31
9 22 1 6 7
9 23 1 6 15
9 24 1 6 23
9 25 1 6 31
9 26 1 7 2
9 27 1 7 1
9 28 1 7 0
9 35 1 5 6
9 36 1 5 14
9 37 1 5 22
9 38 1 5 30
9 39 1 6 6
9 40 1 6 14
9 41 1 6 22
9 42 1 6 30
9 43 1 7 11
9 44 1 7 10
9 45 1 7 9
9 46 1 7 8
9 52 1 5 5
9 53 1 5 13
9 54 1 5 21
9 55 1 5 29
9 56 1 6 5
9 57 1 6 13
9 58 1 6 21
9 59 1 6 29
9 60 1 7 19
9 61 1 7 18
9 62 1 7 17
9 63 1 7 16
9 64 1 11 21
9 69 1 5 4
9 70 1 5 12
9 71 1 5 20
9 72 1 5 28
9 73 1 6 4
9 74 1 6 12
9 75 1 6 20
9 76 1 6 28
9 77 1 7 27
9 78 1 7 26
9 79 1 7 25
9 80 1 7 24
9 81 1 11 20
9 82 1 11 19
9 86 1 5 3
9 87 1 5 11
9 88 1 5 19
9 89 1 5 27
9 90 1 6 3
9 91 1 6 11
9 92 1 6 19
9 93 1 6 27
9 94 1 8 6
9 95 1 8 5
9 96 1 8 4
9 97 1 8 3
9 98 1 8 2
9 99 1 8 1
9 100 1 8 0
9 103 1 5 2
9 104 1 5 10
9 105 1 5 18
9 106 1 5 26
9 107 1 6 2
9 108 1 6 10
9 109 1 6 18
9 110 1 6 26
9 111 1 8 8
9 112 1 8 9
9 113 1 8 10
9 114 1 8 11
9 115 1 8 12
9 116 1 8 13
9 117 1 8 14
9 118 1 8 15
9 120 1 5 1
9 121 1 5 9
9 122 1 5 17
9 123 1 5 25
9 124 1 6 1
9 125 1 6 9
9 126 1 6 17
9 127 1 6 25
9 128 1 8 16
9 129 1 8 17
9 130 1 8 18
9 131 1 8 19
9 132 1 8 20
9 133 1 8 21
9 134 1 8 22
9 135 1 8 23
9 136 1 11 18
9 137 1 5 0
9 138 1 5 8
9 139 1 5 16
9 140 1 5 24
9 141 1 6 0
9 142 1 6 8
9 143 1 6 16
9 144 1 6 24
9 145 1 8 24
9 146 1 8 25
9 147 1 8 26
9 148 1 8 27
9 149 1 8 28
9 150 1 8 29
9 151 1 8 30
9 152 1 8 31
9 153 1 11 17
9 162 1 9 0
9 163 1 9 1
9 164 1 9 2
9 165 1 9 3
9 166 1 9 4
9 167 1 9 5
9 168 1 9 6
9 169 1 9 7
9 170 1 11 16
9 179 1 9 8
9 180 1 9 9
9 181 1 9 10
9 182 1 9 11
9 183 1 9 12
9 184 1 9 13
9 185 1 9 14
9 186 1 9 15
9 187 1 11 0
9 196 1 9 16
9 197 1 9 17
9 198 1 9 18
9 199 1 9 19
9 200 1 9 20
9 201 1 9 21
9 202 1 9 22
9 203 1 9 23
9 204 1 11 1
9 213 1 9 24
9 214 1 9 25
9 215 1 9 26
9 216 1 9 27
9 217 1 9 28
9 218 1 9 29
9 219 1 9 30
9 220 1 9 31
9 221 1 11 2
9 230 1 10 0
9 231 1 10 1
9 232 1 10 2
9 233 1 10 3
9 234 1 10 4
9 235 1 10 5
9 236 1 10 6
9 237 1 10 7
9 238 1 11 3
9 247 1 10 8
9 248 1 10 9
9 249 1 10 10
9 250 1 10 11
9 251 1 10 12
9 252 1 10 13
9 253 1 10 14
9 254 1 10 15
9 255 1 11 5
9 264 1 10 16
9 265 1 10 17
9 266 1 10 18
9 267 1 10 19
9 268 1 10 20
9 269 1 10 21
9 270 1 10 22
9 271 1 10 23
9 272 1 11 6
9 281 1 10 24
9 282 1 10 25
9 283 1 10 26
9 284 1 10 27
9 285 1 10 28
9 286 1 10 29
9 287 1 10 30
9 288 1 10 31
9 289 1 11 4
9 298 2 10 24
9 299 2 10 25
9 300 2 10 26
9 301 2 10 27
9 302 2 10 28
9 303 2 10 29
9 304 2 10 30
9 305 2 10 31
9 306 2 11 4
9 315 2 10 16
9 316 2 10 17
9 317 2 10 18
9 318 2 10 19
9 319 2 10 20
9 320 2 10 21
9 321 2 10 22
9 322 2 10 23
9 323 2 11 6
9 332 2 10 8
9 333 2 10 9
9 334 2 10 10
9 335 2 10 11
9 336 2 10 12
9 337 2 10 13
9 338 2 10 14
9 339 2 10 15
9 340 2 11 3
9 349 2 10 0
9 350 2 10 1
9 351 2 10 2
9 352 2 10 3
9 353 2 10 4
9 354 2 10 5
9 355 2 10 6
9 356 2 10 7
9 357 2 11 5
9 366 2 9 24
9 367 2 9 25
9 368 2 9 26
9 369 2 9 27
9 370 2 9 28
9 371 2 9 29
9 372 2 9 30
9 373 2 9 31
9 374 2 11 2
9 383 2 9 16
9 384 2 9 17
9 385 2 9 18
9 386 2 9 19
9 387 2 9 20
9 388 2 9 21
9 389 2 9 22
9 390 2 9 23
9 391 2 11 1
9 400 2 9 8
9 401 2 9 9
9 402 2 9 10
9 403 2 9 11
9 404 2 9 12
9 405 2 9 13
9 406 2 9 14
9 407 2 9 15
9 408 2 11 0
9 417 2 9 0
9 418 2 9 1
9 419 2 9 2
9 420 2 9 3
9 421 2 9 4
9 422 2 9 5
9 423 2 9 6
9 424 2 9 7
9 425 2 11 16
9 426 2 5 0
9 427 2 5 8
9 428 2 5 16
9 429 2 5 24
9 430 2 6 0
9 431 2 6 8
9 432 2 6 16
9 433 2 6 24
9 434 2 8 24
9 435 2 8 25
9 436 2 8 26
9 437 2 8 27
9 438 2 8 28
9 439 2 8 29
9 440 2 8 30
9 441 2 8 31
9 442 2 11 17
9 443 2 5 1
9 444 2 5 9
9 445 2 5 17
9 446 2 5 25
9 447 2 6 1
9 448 2 6 9
9 449 2 6 17
9 450 2 6 25
9 451 2 8 16
9 452 2 8 17
9 453 2 8 18
9 454 2 8 19
9 455 2 8 20
9 456 2 8 21
9 457 2 8 22
9 458 2 8 23
9 459 2 11 18
9 460 2 5 2
9 461 2 5 10
9 462 2 5 18
9 463 2 5 26
9 464 2 6 2
9 465 2 6 10
9 466 2 6 18
9 467 2 6 26
9 468 2 8 8
9 469 2 8 9
9 470 2 8 10
9 471 2 8 11
9 472 2 8 12
9 473 2 8 13
9 474 2 8 14
9 475 2 8 15
9 477 2 5 3
9 478 2 5 11
9 479 2 5 19
9 480 2 5 27
9 481 2 6 3
9 482 2 6 11
9 483 2 6 19
9 484 2 6 27
9 485 2 8 6
9 486 2 8 5
9 487 2 8 4
9 488 2 8 3
9 489 2 8 2
9 490 2 8 1
9 491 2 8 0
9 494 2 5 4
9 495 2 5 12
9 496 2 5 20
9 497 2 5 28
9 498 2 6 4
9 499 2 6 12
9 500 2 6 20
9 501 2 6 28
9 502 2 7 27
9 503 2 7 26
9 504 2 7 25
9 505 2 7 24
9 506 2 11 20
9 507 2 11 19
9 511 2 5 5
9 512 2 5 13
9 513 2 5 21
9 514 2 5 29
9 515 2 6 5
9 516 2 6 13
9 517 2 6 21
9 518 2 6 29
9 519 2 7 19
9 520 2 7 18
9 521 2 7 17
9 522 2 7 16
9 523 2 11 21
9 528 2 5 6
9 529 2 5 14
9 530 2 5 22
9 531 2 5 30
9 532 2 6 6
9 533 2 6 14
9 534 2 6 22
9 535 2 6 30
9 536 2 7 11
9 537 2 7 10
9 538 2 7 9
9 539 2 7 8
9 545 2 5 7
9 546 2 5 15
9 547 2 5 23
9 548 2 5 31
9 549 2 6 7
9 550 2 6 15
9 551 2 6 23
9 552 2 6 31
9 553 2 7 2
9 554 2 7 1
9 555 2 7 0
9 562 2 11 22
9 563 2 11 23
9 564 2 11 8
9 565 2 11 9
9 566 2 11 10
9 567 2 11 11
9 568 2 11 12
9 569 2 11 13
9 570 2 11 14
9 571 2 11 15
10 1 3 1 6
10 2 3 1 14
10 3 3 1 22
10 4 3 1 30
10 5 3 2 6
10 6 3 2 15
10 7 3 2 23
10 8 3 2 31
10 9 3 3 7
10 10 3 3 15
10 11 3 3 23
10 12 3 3 31
10 13 3 1 5
10 14 3 1 13
10 15 3 1 21
10 16 3 1 29
10 17 3 2 5
10 18 3 2 14
10 19 3 2 22
10 20 3 2 30
10 21 3 3 6
10 22 3 3 14
10 23 3 3 22
10 24 3 3 30
10 25 3 1 4
10 26 3 1 12
10 27 3 1 20
10 28 3 1 28
10 29 3 2 4
10 30 3 2 13
10 31 3 2 21
10 32 3 2 29
10 33 3 3 5
10 34 3 3 13
10 35 3 3 21
10 36 3 3 29
10 37 3 1 3
10 38 3 1 11
10 39 3 1 19
10 40 3 1 27
10 41 3 2 3
10 42 3 2 12
10 43 3 2 20
10 44 3 2 28
10 45 3 3 4
10 46 3 3 12
10 47 3 3 20
10 48 3 3 28
10 49 3 1 2
10 50 3 1 10
10 51 3 1 18
10 52 3 1 26
10 53 3 2 2
10 54 3 2 11
10 55 3 2 19
10 56 3 2 27
10 57 3 3 3
10 58 3 3 11
10 59 3 3 19
10 60 3 3 27
10 61 3 1 1
10 62 3 1 9
10 63 3 1 17
10 64 3 1 25
10 65 3 2 1
10 66 3 2 10
10 67 3 2 18
10 68 3 2 26
10 69 3 3 2
10 70 3 3 10
10 71 3 3 18
10 72 3 3 26
10 73 3 1 0
10 74 3 1 8
10 75 3 1 16
10 76 3 1 24
10 77 3 2 0
10 78 3 2 9
10 79 3 2 17
10 80 3 2 25
10 81 3 3 1
10 82 3 3 9
10 83 3 3 17
10 84 3 3 25
10 90 3 2 8
10 91 3 2 16
10 92 3 2 24
10 93 3 3 0
10 94 3 3 8
10 95 3 3 16
10 96 3 3 24
10 102 3 4 0
10 103 3 4 1
10 104 3 4 2
10 105 3 4 3
10 106 3 4 4
10 107 3 4 5
10 108 3 4 6
10 114 3 4 8
10 115 3 4 9
10 116 3 4 10
10 117 3 4 11
10 118 3 4 12
10 119 3 4 13
10 120 3 4 14
10 126 3 4 16
10 127 3 4 17
10 128 3 4 18
10 129 3 4 19
10 130 3 4 20
10 131 3 4 21
10 132 3 4 22
10 138 3 4 24
10 139 3 4 25
10 140 3 4 26
10 141 3 4 27
10 142 3 4 28
10 143 3 4 29
10 144 3 4 30
10 150 4 4 25
10 151 4 4 26
10 152 4 4 27
10 153 4 4 28
10 154 4 4 29
10 155 4 4 30
10 156 4 4 31
10 162 4 4 16
10 163 4 4 17
10 164 4 4 18
10 165 4 4 19
10 166 4 4 20
10 167 4 4 21
10 168 4 4 22
10 174 4 4 8
10 175 4 4 9
10 176 4 4 10
10 177 4 4 11
10 178 4 4 12
10 179 4 4 13
10 180 4 4 14
10 186 4 4 0
10 187 4 4 1
10 188 4 4 2
10 189 4 4 3
10 190 4 4 4
10 191 4 4 5
10 192 4 4 6
10 198 4 2 8
10 199 4 2 16
10 200 4 2 24
10 201 4 3 0
10 202 4 3 8
10 203 4 3 24
10 204 4 3 16
10 205 4 1 0
10 206 4 1 8
10 207 4 1 16
10 208 4 1 24
10 209 4 2 0
10 210 4 2 9
10 211 4 2 17
10 212 4 2 25
10 213 4 3 1
10 214 4 3 9
10 215 4 3 17
10 216 4 3 25
10 217 4 1 1
10 218 4 1 9
10 219 4 1 17
10 220 4 1 25
10 221 4 2 1
10 222 4 2 10
10 223 4 2 18
10 224 4 2 26
10 225 4 3 2
10 226 4 3 10
10 227 4 3 18
10 228 4 3 26
10 229 4 1 2
10 230 4 1 10
10 231 4 1 18
10 232 4 1 26
10 233 4 2 2
10 234 4 2 11
10 235 4 2 19
10 236 4 2 27
10 237 4 3 3
10 238 4 3 11
10 239 4 3 19
10 240 4 3 27
10 241 4 1 3
10 242 4 1 11
10 243 4 1 19
10 244 4 1 27
10 245 4 2 3
10 246 4 2 12
10 247 4 2 20
10 248 4 2 28
10 249 4 3 4
10 250 4 3 12
10 251 4 3 20
10 252 4 3 28
10 253 4 1 4
10 254 4 1 12
10 255 4 1 20
10 256 4 1 28
10 257 4 2 4
10 258 4 2 13
10 259 4 2 21
10 260 4 2 29
10 261 4 3 5
10 262 4 3 13
10 263 4 3 21
10 264 4 3 29
10 265 4 1 5
10 266 4 1 13
10 267 4 1 21
10 268 4 1 29
10 269 4 2 5
10 270 4 2 14
10 271 4 2 22
10 272 4 2 30
10 273 4 3 6
10 274 4 3 14
10 275 4 3 22
10 276 4 3 30
10 277 4 1 6
10 278 4 1 14
10 279 4 1 22
10 280 4 1 30
10 281 4 2 6
10 282 4 2 15
10 283 4 2 23
10 284 4 2 31
10 285 4 3 7
10 286 4 3 15
10 287 4 3 23
10 288 4 3 31
11 1 1 1 6
11 2 1 1 14
11 3 1 1 22
11 4 1 1 30
11 5 1 2 6
11 6 1 2 15
11 7 1 2 23
11 8 1 2 31
11 9 1 3 7
11 10 1 3 15
11 11 1 3 23
11 12 1 3 31
11 13 1 1 5
11 14 1 1 13
11 15 1 1 21
11 16 1 1 29
11 17 1 2 5
11 18 1 2 14
11 19 1 2 22
11 20 1 2 30
11 21 1 3 6
11 22 1 3 14
11 23 1 3 22
11 24 1 3 30
11 25 1 1 4
11 26 1 1 12
11 27 1 1 20
11 28 1 1 28
11 29 1 2 4
11 30 1 2 13
11 31 1 2 21
11 32 1 2 29
11 33 1 3 5
11 34 1 3 13
11 35 1 3 21
11 36 1 3 29
11 37 1 1 3
11 38 1 1 11
11 39 1 1 19
11 40 1 1 27
11 41 1 2 3
11 42 1 2 12
11 43 1 2 20
11 44 1 2 28
11 45 1 3 4
11 46 1 3 12
11 47 1 3 20
11 48 1 3 28
11 49 1 1 2
11 50 1 1 10
11 51 1 1 18
11 52 1 1 26
11 53 1 2 2
11 54 1 2 11
11 55 1 2 19
11 56 1 2 27
11 57 1 3 3
11 58 1 3 11
11 59 1 3 19
11 60 1 3 27
11 61 1 1 1
11 62 1 1 9
11 63 1 1 17
11 64 1 1 25
11 65 1 2 1
11 66 1 2 10
11 67 1 2 18
11 68 1 2 26
11 69 1 3 2
11 70 1 3 10
11 71 1 3 18
11 72 1 3 26
11 73 1 1 0
11 74 1 1 8
11 75 1 1 16
11 76 1 1 24
11 77 1 2 0
11 78 1 2 9
11 79 1 2 17
11 80 1 2 25
11 81 1 3 1
11 82 1 3 9
11 83 1 3 17
11 84 1 3 25
11 90 1 2 8
11 91 1 2 16
11 92 1 2 24
11 93 1 3 0
11 94 1 3 8
11 95 1 3 16
11 96 1 3 24
11 102 1 4 0
11 103 1 4 1
11 104 1 4 2
11 105 1 4 3
11 106 1 4 4
11 107 1 4 5
11 108 1 4 6
11 114 1 4 8
11 115 1 4 9
11 116 1 4 10
11 117 1 4 11
11 118 1 4 12
11 119 1 4 13
11 120 1 4 14
11 126 1 4 16
11 127 1 4 17
11 128 1 4 18
11 129 1 4 19
11 130 1 4 20
11 131 1 4 21
11 132 1 4 22
11 138 1 4 24
11 139 1 4 25
11 140 1 4 26
11 141 1 4 27
11 142 1 4 28
11 143 1 4 29
11 144 1 4 30
11 150 2 4 25
11 151 2 4 26
11 152 2 4 27
11 153 2 4 28
11 154 2 4 29
11 155 2 4 30
11 156 2 4 31
11 162 2 4 16
11 163 2 4 17
11 164 2 4 18
11 165 2 4 19
11 166 2 4 20
11 167 2 4 21
11 168 2 4 22
11 174 2 4 8
11 175 2 4 9
11 176 2 4 10
11 177 2 4 11
11 178 2 4 12
11 179 2 4 13
11 180 2 4 14
11 186 2 4 0
11 187 2 4 1
11 188 2 4 2
11 189 2 4 3
11 190 2 4 4
11 191 2 4 5
11 192 2 4 6
11 198 2 2 8
11 199 2 2 16
11 200 2 2 24
11 201 2 3 0
11 202 2 3 8
11 203 2 3 16
11 204 2 3 24
11 205 2 1 0
11 206 2 1 8
11 207 2 1 16
11 208 2 1 24
11 209 2 2 0
11 210 2 2 9
11 211 2 2 17
11 212 2 2 25
11 213 2 3 1
11 214 2 3 9
11 215 2 3 17
11 216 2 3 25
11 217 2 1 1
11 218 2 1 9
11 219 2 1 17
11 220 2 1 25
11 221 2 2 1
11 222 2 2 10
11 223 2 2 18
11 224 2 2 26
11 225 2 3 2
11 226 2 3 10
11 227 2 3 18
11 228 2 3 26
11 229 2 1 2
11 230 2 1 10
11 231 2 1 18
11 232 2 1 26
11 233 2 2 2
11 234 2 2 11
11 235 2 2 19
11 236 2 2 27
11 237 2 3 3
11 238 2 3 11
11 239 2 3 19
11 240 2 3 27
11 241 2 1 3
11 242 2 1 11
11 243 2 1 19
11 244 2 1 27
11 245 2 2 3
11 246 2 2 12
11 247 2 2 20
11 248 2 2 28
11 249 2 3 4
11 250 2 3 12
11 251 2 3 20
11 252 2 3 28
11 253 2 1 4
11 254 2 1 12
11 255 2 1 20
11 256 2 1 28
11 257 2 2 4
11 258 2 2 13
11 259 2 2 21
11 260 2 2 29
11 261 2 3 5
11 262 2 3 13
11 263 2 3 21
11 264 2 3 29
11 265 2 1 5
11 266 2 1 13
11 267 2 1 21
11 268 2 1 29
11 269 2 2 5
11 270 2 2 14
11 271 2 2 22
11 272 2 2 30
11 273 2 3 6
11 274 2 3 14
11 275 2 3 22
11 276 2 3 30
11 277 2 1 6
11 278 2 1 14
11 279 2 1 22
11 280 2 1 30
11 281 2 2 6
11 282 2 2 15
11 283 2 2 23
11 284 2 2 31
11 285 2 3 7
11 286 2 3 15
11 287 2 3 23
11 288 2 3 31
