1 0 0 1.463
1 0 1 1.065
1 0 2 1.0
1 0 3 1.786
1 0 4 0.849
1 0 5 0.931
1 0 6 0.293
1 0 7 2.559
1 0 8 1.0
1 0 9 2.0
1 0 10 0.0
1 0 11 0.0
1 0 12 0.0
1 0 13 0.0
1 0 14 0.0
1 0 15 0.0
1 0 16 0.0
1 1 0 5.204
1 1 1 0.0
1 1 2 2.877
1 1 3 1.0
1 1 4 1.754
1 1 5 0.785
1 1 6 0.742
1 1 7 0.335
1 1 8 2.53
1 1 9 2.929
1 1 10 4.881
1 1 11 0.0
1 1 12 0.0
1 1 13 0.0
1 1 14 0.0
1 1 15 0.0
1 1 16 0.0
1 2 0 1.501
1 2 1 2.621
1 2 2 0.653
1 2 3 3.891
1 2 4 1.268
1 2 5 2.248
1 2 6 0.496
1 2 7 1.21
1 2 8 1.34
1 2 9 1.236
1 2 10 4.036
1 2 11 1.421
1 2 12 0.0
1 2 13 0.0
1 2 14 0.0
1 2 15 0.0
1 2 16 0.0
1 3 0 1.823
1 3 1 1.574
1 3 2 1.837
1 3 3 1.22
1 3 4 0.931
1 3 5 1.939
1 3 6 1.138
1 3 7 1.158
1 3 8 1.07
1 3 9 1.09
1 3 10 1.009
1 3 11 3.732
1 3 12 0.656
1 3 13 0.0
1 3 14 0.0
1 3 15 0.0
1 3 16 0.0
1 4 0 2.076
1 4 1 1.192
1 4 2 1.605
1 4 3 1.239
1 4 4 1.0
1 4 5 0.972
1 4 6 1.318
1 4 7 1.499
1 4 8 1.434
1 4 9 1.249
1 4 10 2.559
1 4 11 1.067
1 4 12 3.542
1 4 13 1.086
1 4 14 0.0
1 4 15 0.0
1 4 16 0.0
1 5 0 1.0
1 5 1 0.312
1 5 2 4.055
1 5 3 1.152
1 5 4 1.288
1 5 5 1.091
1 5 6 1.224
1 5 7 1.343
1 5 8 3.564
1 5 9 0.745
1 5 10 1.223
1 5 11 2.689
1 5 12 1.091
1 5 13 1.501
1 5 14 1.053
1 5 15 0.0
1 5 16 0.0
1 6 0 0.675
1 6 1 1.834
1 6 2 1.265
1 6 3 0.975
1 6 4 2.015
1 6 5 1.0
1 6 6 1.734
1 6 7 0.401
1 6 8 1.716
1 6 9 0.901
1 6 10 1.641
1 6 11 2.713
1 6 12 0.933
1 6 13 7.235
1 6 14 5.157
1 6 15 1.0
1 6 16 0.0
1 7 0 1.666
1 7 1 1.442
1 7 2 2.454
1 7 3 1.037
1 7 4 1.895
1 7 5 2.267
1 7 6 1.931
1 7 7 1.132
1 7 8 1.889
1 7 9 1.501
1 7 10 1.273
1 7 11 0.981
1 7 12 0.764
1 7 13 4.179
1 7 14 5.175
1 7 15 1.421
1 7 16 7.508
1 8 0 0.916
1 8 1 1.029
1 8 2 2.133
1 8 3 1.446
1 8 4 2.007
1 8 5 1.274
1 8 6 2.297
1 8 7 1.549
1 8 8 2.391
1 8 9 1.25
1 8 10 1.022
1 8 11 1.7
1 8 12 1.704
1 8 13 1.477
1 8 14 1.501
1 8 15 4.013
1 8 16 6.487
1 9 0 0.0
1 9 1 0.0
1 9 2 0.0
1 9 3 0.0
1 9 4 0.0
1 9 5 0.0
1 9 6 0.0
1 9 7 0.0
1 9 8 1.467
1 9 9 7.554
1 9 10 1.0
1 9 11 1.782
1 9 12 1.241
1 9 13 0.877
1 9 14 1.65
1 9 15 6.297
1 9 16 9.332
1 10 0 0.0
1 10 1 0.0
1 10 2 0.0
1 10 3 0.0
1 10 4 0.0
1 10 5 0.0
1 10 6 0.0
1 10 7 0.0
1 10 8 1.114
1 10 9 3.255
1 10 10 1.657
1 10 11 1.249
1 10 12 1.557
1 10 13 1.929
1 10 14 5.227
1 10 15 1.377
1 10 16 0.763
1 11 0 0.0
1 11 1 0.0
1 11 2 0.0
1 11 3 0.0
1 11 4 0.0
1 11 5 0.0
1 11 6 0.0
1 11 7 0.0
1 11 8 1.932
1 11 9 1.718
1 11 10 1.953
1 11 11 2.474
1 11 12 1.567
1 11 13 0.434
1 11 14 1.044
1 11 15 1.603
1 11 16 1.685
1 12 0 0.0
1 12 1 0.0
1 12 2 0.0
1 12 3 0.0
1 12 4 0.0
1 12 5 0.0
1 12 6 0.0
1 12 7 0.0
1 12 8 2.362
1 12 9 3.006
1 12 10 2.136
1 12 11 0.65
1 12 12 2.798
1 12 13 1.599
1 12 14 1.385
1 12 15 1.881
1 12 16 2.501
1 13 0 0.0
1 13 1 0.0
1 13 2 0.0
1 13 3 0.0
1 13 4 0.0
1 13 5 0.0
1 13 6 0.0
1 13 7 0.0
1 13 8 1.593
1 13 9 1.833
1 13 10 2.431
1 13 11 0.844
1 13 12 3.668
1 13 13 1.583
1 13 14 7.156
1 13 15 1.398
1 13 16 0.593
1 14 0 0.0
1 14 1 0.0
1 14 2 0.0
1 14 3 0.0
1 14 4 0.0
1 14 5 0.0
1 14 6 0.0
1 14 7 0.0
1 14 8 2.338
1 14 9 1.182
1 14 10 1.0
1 14 11 1.936
1 14 12 1.921
1 14 13 0.26
1 14 14 1.077
1 14 15 3.0
1 14 16 0.672
1 15 0 0.0
1 15 1 0.0
1 15 2 0.0
1 15 3 0.0
1 15 4 0.0
1 15 5 0.0
1 15 6 0.0
1 15 7 0.0
1 15 8 2.111
1 15 9 2.111
1 15 10 1.594
1 15 11 1.075
1 15 12 0.539
1 15 13 1.0
1 15 14 1.992
1 15 15 2.664
1 15 16 0.78
1 16 0 0.0
1 16 1 0.0
1 16 2 0.0
1 16 3 0.0
1 16 4 0.0
1 16 5 0.0
1 16 6 0.0
1 16 7 0.0
1 16 8 0.393
1 16 9 2.246
1 16 10 1.794
1 16 11 0.6
1 16 12 0.524
1 16 13 1.216
1 16 14 5.281
1 16 15 1.935
1 16 16 0.468
1 17 0 0.0
1 17 1 0.0
1 17 2 0.0
1 17 3 0.0
1 17 4 0.0
1 17 5 0.0
1 17 6 0.0
1 17 7 0.0
1 17 8 1.493
1 17 9 1.361
1 17 10 1.771
1 17 11 2.1
1 17 12 1.52
1 17 13 2.712
1 17 14 2.378
1 17 15 1.331
1 17 16 0.821
1 18 0 0.0
1 18 1 0.0
1 18 2 0.0
1 18 3 0.0
1 18 4 0.0
1 18 5 0.0
1 18 6 0.0
1 18 7 0.0
1 18 8 1.484
1 18 9 0.364
1 18 10 0.796
1 18 11 2.976
1 18 12 0.469
1 18 13 1.561
1 18 14 2.443
1 18 15 6.76
1 18 16 1.507
1 19 0 0.0
1 19 1 0.0
1 19 2 0.0
1 19 3 0.0
1 19 4 0.0
1 19 5 0.0
1 19 6 0.0
1 19 7 0.0
1 19 8 1.982
1 19 9 1.501
1 19 10 2.411
1 19 11 1.83
1 19 12 1.171
1 19 13 1.11
1 19 14 0.959
1 19 15 1.146
1 19 16 1.805
1 20 0 0.0
1 20 1 0.0
1 20 2 0.0
1 20 3 0.0
1 20 4 0.0
1 20 5 0.0
1 20 6 0.0
1 20 7 0.0
1 20 8 2.501
1 20 9 2.76
1 20 10 0.904
1 20 11 2.709
1 20 12 1.062
1 20 13 1.501
1 20 14 2.049
1 20 15 0.964
1 20 16 0.964
1 21 0 0.0
1 21 1 0.0
1 21 2 0.0
1 21 3 0.0
1 21 4 0.0
1 21 5 0.0
1 21 6 0.0
1 21 7 0.0
1 21 8 1.501
1 21 9 1.409
1 21 10 1.842
1 21 11 1.034
1 21 12 1.477
1 21 13 1.216
1 21 14 0.825
1 21 15 0.979
1 21 16 1.219
1 22 0 0.0
1 22 1 0.0
1 22 2 0.0
1 22 3 0.0
1 22 4 0.0
1 22 5 0.0
1 22 6 0.0
1 22 7 0.0
1 22 8 2.852
1 22 9 0.997
1 22 10 2.336
1 22 11 2.341
1 22 12 0.08
1 22 13 2.708
1 22 14 1.153
1 22 15 2.501
1 22 16 2.189
1 23 0 0.0
1 23 1 0.0
1 23 2 0.0
1 23 3 0.0
1 23 4 0.0
1 23 5 0.0
1 23 6 0.0
1 23 7 0.0
1 23 8 1.99
1 23 9 1.743
1 23 10 0.869
1 23 11 2.501
1 23 12 3.129
1 23 13 1.576
1 23 14 0.765
1 23 15 0.303
1 23 16 0.845
1 24 0 0.0
1 24 1 0.0
1 24 2 0.0
1 24 3 0.0
1 24 4 0.0
1 24 5 0.0
1 24 6 0.0
1 24 7 0.0
1 24 8 2.059
1 24 9 1.293
1 24 10 0.747
1 24 11 1.517
1 24 12 0.819
1 24 13 1.156
1 24 14 2.796
1 24 15 0.681
1 24 16 1.473
1 25 0 1.186
1 25 1 1.281
1 25 2 1.501
1 25 3 1.406
1 25 4 0.597
1 25 5 2.003
1 25 6 1.506
1 25 7 1.767
1 25 8 1.144
1 25 9 2.62
1 25 10 1.02
1 25 11 2.295
1 25 12 1.528
1 25 13 0.595
1 25 14 2.029
1 25 15 2.128
1 25 16 2.124
1 26 0 1.826
1 26 1 3.546
1 26 2 1.324
1 26 3 1.343
1 26 4 1.14
1 26 5 3.608
1 26 6 2.182
1 26 7 0.8
1 26 8 2.501
1 26 9 0.772
1 26 10 0.937
1 26 11 1.264
1 26 12 1.28
1 26 13 0.235
1 26 14 0.645
1 26 15 5.09
1 26 16 2.433
1 27 0 1.452
1 27 1 0.933
1 27 2 1.014
1 27 3 1.469
1 27 4 3.457
1 27 5 1.521
1 27 6 0.914
1 27 7 1.732
1 27 8 1.501
1 27 9 1.144
1 27 10 1.24
1 27 11 1.712
1 27 12 0.85
1 27 13 3.805
1 27 14 3.709
1 27 15 2.384
1 27 16 0.0
1 28 0 2.836
1 28 1 2.179
1 28 2 1.562
1 28 3 0.808
1 28 4 1.717
1 28 5 1.004
1 28 6 3.315
1 28 7 1.385
1 28 8 1.188
1 28 9 0.894
1 28 10 1.312
1 28 11 1.298
1 28 12 1.672
1 28 13 0.948
1 28 14 4.708
1 28 15 0.0
1 28 16 0.0
1 29 0 2.351
1 29 1 1.364
1 29 2 1.4
1 29 3 1.12
1 29 4 2.905
1 29 5 0.848
1 29 6 2.501
1 29 7 1.13
1 29 8 1.424
1 29 9 0.797
1 29 10 0.75
1 29 11 0.991
1 29 12 0.586
1 29 13 0.863
1 29 14 0.0
1 29 15 0.0
1 29 16 0.0
1 30 0 1.963
1 30 1 1.766
1 30 2 1.854
1 30 3 2.426
1 30 4 3.547
1 30 5 1.281
1 30 6 1.347
1 30 7 1.744
1 30 8 1.298
1 30 9 1.069
1 30 10 1.758
1 30 11 0.565
1 30 12 3.756
1 30 13 0.0
1 30 14 0.0
1 30 15 0.0
1 30 16 0.0
1 31 0 0.634
1 31 1 1.672
1 31 2 2.476
1 31 3 0.786
1 31 4 2.626
1 31 5 1.223
1 31 6 0.985
1 31 7 1.254
1 31 8 0.604
1 31 9 0.678
1 31 10 0.827
1 31 11 0.888
1 31 12 0.0
1 31 13 0.0
1 31 14 0.0
1 31 15 0.0
1 31 16 0.0
1 32 0 1.934
1 32 1 0.666
1 32 2 1.048
1 32 3 4.193
1 32 4 2.774
1 32 5 1.505
1 32 6 1.142
1 32 7 1.673
1 32 8 1.651
1 32 9 1.732
1 32 10 5.531
1 32 11 0.0
1 32 12 0.0
1 32 13 0.0
1 32 14 0.0
1 32 15 0.0
1 32 16 0.0
1 33 0 0.852
1 33 1 2.625
1 33 2 3.476
1 33 3 0.976
1 33 4 1.501
1 33 5 1.0
1 33 6 2.641
1 33 7 0.996
1 33 8 0.646
1 33 9 4.652
1 33 10 0.0
1 33 11 0.0
1 33 12 0.0
1 33 13 0.0
1 33 14 0.0
1 33 15 0.0
1 33 16 0.0
2 0 0 0.8
2 0 1 3.329
2 0 2 1.825
2 0 3 2.0
2 0 4 1.3
2 0 5 3.406
2 0 6 0.611
2 0 7 0.97
2 0 8 1.121
2 0 9 0.76
2 0 10 0.0
2 0 11 0.0
2 0 12 0.0
2 0 13 0.0
2 0 14 0.0
2 0 15 0.0
2 0 16 0.0
2 1 0 0.801
2 1 1 2.507
2 1 2 1.171
2 1 3 0.699
2 1 4 1.981
2 1 5 1.006
2 1 6 1.66
2 1 7 0.69
2 1 8 1.204
2 1 9 1.265
2 1 10 2.742
2 1 11 0.0
2 1 12 0.0
2 1 13 0.0
2 1 14 0.0
2 1 15 0.0
2 1 16 0.0
2 2 0 1.0
2 2 1 1.833
2 2 2 1.354
2 2 3 1.4
2 2 4 5.0
2 2 5 1.263
2 2 6 0.792
2 2 7 0.887
2 2 8 0.773
2 2 9 2.413
2 2 10 0.695
2 2 11 3.118
2 2 12 0.0
2 2 13 0.0
2 2 14 0.0
2 2 15 0.0
2 2 16 0.0
2 3 0 1.342
2 3 1 1.399
2 3 2 1.604
2 3 3 1.081
2 3 4 0.8
2 3 5 1.238
2 3 6 0.836
2 3 7 1.25
2 3 8 1.461
2 3 9 0.655
2 3 10 1.29
2 3 11 0.728
2 3 12 0.941
2 3 13 0.0
2 3 14 0.0
2 3 15 0.0
2 3 16 0.0
2 4 0 1.45
2 4 1 1.638
2 4 2 0.897
2 4 3 1.063
2 4 4 5.0
2 4 5 0.679
2 4 6 1.22
2 4 7 0.489
2 4 8 0.636
2 4 9 1.501
2 4 10 6.731
2 4 11 0.294
2 4 12 2.469
2 4 13 4.984
2 4 14 0.0
2 4 15 0.0
2 4 16 0.0
2 5 0 1.397
2 5 1 2.239
2 5 2 1.932
2 5 3 1.511
2 5 4 1.32
2 5 5 1.43
2 5 6 0.452
2 5 7 2.501
2 5 8 1.542
2 5 9 1.176
2 5 10 0.347
2 5 11 1.264
2 5 12 1.837
2 5 13 3.664
2 5 14 0.744
2 5 15 0.0
2 5 16 0.0
2 6 0 1.21
2 6 1 0.957
2 6 2 1.167
2 6 3 0.864
2 6 4 1.259
2 6 5 0.973
2 6 6 0.69
2 6 7 1.131
2 6 8 0.956
2 6 9 1.0
2 6 10 1.746
2 6 11 1.068
2 6 12 1.87
2 6 13 1.551
2 6 14 2.51
2 6 15 1.72
2 6 16 0.0
2 7 0 1.302
2 7 1 1.781
2 7 2 2.18
2 7 3 1.397
2 7 4 1.689
2 7 5 1.666
2 7 6 1.547
2 7 7 1.47
2 7 8 1.156
2 7 9 1.406
2 7 10 0.747
2 7 11 1.501
2 7 12 0.388
2 7 13 0.763
2 7 14 2.212
2 7 15 0.951
2 7 16 4.372
2 8 0 1.879
2 8 1 0.874
2 8 2 0.876
2 8 3 1.552
2 8 4 1.293
2 8 5 1.285
2 8 6 1.2
2 8 7 0.74
2 8 8 1.142
2 8 9 0.783
2 8 10 2.671
2 8 11 0.863
2 8 12 1.444
2 8 13 2.0
2 8 14 0.301
2 8 15 7.408
2 8 16 0.815
2 9 0 0.0
2 9 1 0.0
2 9 2 0.0
2 9 3 0.0
2 9 4 0.0
2 9 5 0.0
2 9 6 0.0
2 9 7 0.0
2 9 8 0.938
2 9 9 0.658
2 9 10 1.454
2 9 11 0.306
2 9 12 1.14
2 9 13 1.22
2 9 14 0.715
2 9 15 1.0
2 9 16 0.71
2 10 0 0.0
2 10 1 0.0
2 10 2 0.0
2 10 3 0.0
2 10 4 0.0
2 10 5 0.0
2 10 6 0.0
2 10 7 0.0
2 10 8 1.326
2 10 9 1.777
2 10 10 1.501
2 10 11 2.782
2 10 12 1.226
2 10 13 1.554
2 10 14 0.477
2 10 15 6.666
2 10 16 1.079
2 11 0 0.0
2 11 1 0.0
2 11 2 0.0
2 11 3 0.0
2 11 4 0.0
2 11 5 0.0
2 11 6 0.0
2 11 7 0.0
2 11 8 1.466
2 11 9 1.513
2 11 10 4.704
2 11 11 6.523
2 11 12 2.4
2 11 13 1.0
2 11 14 1.0
2 11 15 4.133
2 11 16 0.833
2 12 0 0.0
2 12 1 0.0
2 12 2 0.0
2 12 3 0.0
2 12 4 0.0
2 12 5 0.0
2 12 6 0.0
2 12 7 0.0
2 12 8 1.528
2 12 9 1.438
2 12 10 1.496
2 12 11 1.389
2 12 12 1.167
2 12 13 1.0
2 12 14 1.501
2 12 15 1.501
2 12 16 1.558
2 13 0 0.0
2 13 1 0.0
2 13 2 0.0
2 13 3 0.0
2 13 4 0.0
2 13 5 0.0
2 13 6 0.0
2 13 7 0.0
2 13 8 0.947
2 13 9 0.884
2 13 10 3.053
2 13 11 3.497
2 13 12 1.071
2 13 13 0.337
2 13 14 2.919
2 13 15 1.501
2 13 16 3.49
2 14 0 0.0
2 14 1 0.0
2 14 2 0.0
2 14 3 0.0
2 14 4 0.0
2 14 5 0.0
2 14 6 0.0
2 14 7 0.0
2 14 8 0.913
2 14 9 1.186
2 14 10 2.135
2 14 11 1.429
2 14 12 1.501
2 14 13 1.0
2 14 14 1.318
2 14 15 1.0
2 14 16 0.302
2 15 0 0.0
2 15 1 0.0
2 15 2 0.0
2 15 3 0.0
2 15 4 0.0
2 15 5 0.0
2 15 6 0.0
2 15 7 0.0
2 15 8 1.501
2 15 9 2.079
2 15 10 1.501
2 15 11 1.0
2 15 12 2.155
2 15 13 8.887
2 15 14 2.489
2 15 15 3.679
2 15 16 1.075
2 16 0 0.0
2 16 1 0.0
2 16 2 0.0
2 16 3 0.0
2 16 4 0.0
2 16 5 0.0
2 16 6 0.0
2 16 7 0.0
2 16 8 1.143
2 16 9 0.923
2 16 10 1.0
2 16 11 0.667
2 16 12 8.722
2 16 13 1.501
2 16 14 5.885
2 16 15 2.118
2 16 16 0.906
2 17 0 0.0
2 17 1 0.0
2 17 2 0.0
2 17 3 0.0
2 17 4 0.0
2 17 5 0.0
2 17 6 0.0
2 17 7 0.0
2 17 8 4.355
2 17 9 1.0
2 17 10 1.501
2 17 11 3.255
2 17 12 7.538
2 17 13 1.0
2 17 14 4.587
2 17 15 1.463
2 17 16 2.839
2 18 0 0.0
2 18 1 0.0
2 18 2 0.0
2 18 3 0.0
2 18 4 0.0
2 18 5 0.0
2 18 6 0.0
2 18 7 0.0
2 18 8 2.619
2 18 9 3.7
2 18 10 1.501
2 18 11 2.187
2 18 12 1.501
2 18 13 3.855
2 18 14 7.065
2 18 15 3.799
2 18 16 1.134
2 19 0 0.0
2 19 1 0.0
2 19 2 0.0
2 19 3 0.0
2 19 4 0.0
2 19 5 0.0
2 19 6 0.0
2 19 7 0.0
2 19 8 2.0
2 19 9 3.0
2 19 10 2.909
2 19 11 1.767
2 19 12 1.501
2 19 13 1.351
2 19 14 6.208
2 19 15 3.527
2 19 16 2.903
2 20 0 0.0
2 20 1 0.0
2 20 2 0.0
2 20 3 0.0
2 20 4 0.0
2 20 5 0.0
2 20 6 0.0
2 20 7 0.0
2 20 8 5.0
2 20 9 2.0
2 20 10 2.5
2 20 11 1.0
2 20 12 1.0
2 20 13 1.4
2 20 14 1.0
2 20 15 1.0
2 20 16 3.037
2 21 0 0.0
2 21 1 0.0
2 21 2 0.0
2 21 3 0.0
2 21 4 0.0
2 21 5 0.0
2 21 6 0.0
2 21 7 0.0
2 21 8 1.501
2 21 9 2.224
2 21 10 4.817
2 21 11 2.501
2 21 12 2.346
2 21 13 4.198
2 21 14 1.0
2 21 15 3.548
2 21 16 2.501
2 22 0 0.0
2 22 1 0.0
2 22 2 0.0
2 22 3 0.0
2 22 4 0.0
2 22 5 0.0
2 22 6 0.0
2 22 7 0.0
2 22 8 1.0
2 22 9 2.563
2 22 10 3.336
2 22 11 3.427
2 22 12 2.4
2 22 13 2.976
2 22 14 2.167
2 22 15 2.501
2 22 16 4.606
2 23 0 0.0
2 23 1 0.0
2 23 2 0.0
2 23 3 0.0
2 23 4 0.0
2 23 5 0.0
2 23 6 0.0
2 23 7 0.0
2 23 8 3.0
2 23 9 5.279
2 23 10 3.006
2 23 11 1.0
2 23 12 2.762
2 23 13 1.0
2 23 14 3.121
2 23 15 2.434
2 23 16 2.087
2 24 0 0.0
2 24 1 0.0
2 24 2 0.0
2 24 3 0.0
2 24 4 0.0
2 24 5 0.0
2 24 6 0.0
2 24 7 0.0
2 24 8 2.0
2 24 9 2.0
2 24 10 2.0
2 24 11 3.666
2 24 12 1.501
2 24 13 1.0
2 24 14 1.046
2 24 15 4.63
2 24 16 1.0
2 25 0 2.0
2 25 1 4.1
2 25 2 2.8
2 25 3 2.501
2 25 4 3.2
2 25 5 2.418
2 25 6 2.139
2 25 7 3.406
2 25 8 2.573
2 25 9 4.331
2 25 10 2.887
2 25 11 3.245
2 25 12 1.0
2 25 13 2.112
2 25 14 0.94
2 25 15 5.925
2 25 16 2.843
2 26 0 2.0
2 26 1 3.0
2 26 2 1.501
2 26 3 2.5
2 26 4 1.5
2 26 5 2.501
2 26 6 7.244
2 26 7 1.983
2 26 8 1.487
2 26 9 1.0
2 26 10 4.1
2 26 11 1.558
2 26 12 1.797
2 26 13 0.754
2 26 14 4.119
2 26 15 4.776
2 26 16 3.031
2 27 0 1.7
2 27 1 4.55
2 27 2 3.996
2 27 3 1.66
2 27 4 3.36
2 27 5 1.212
2 27 6 1.839
2 27 7 2.871
2 27 8 2.427
2 27 9 0.853
2 27 10 3.178
2 27 11 1.272
2 27 12 0.906
2 27 13 2.507
2 27 14 1.363
2 27 15 3.43
2 27 16 0.0
2 28 0 5.254
2 28 1 2.477
2 28 2 4.304
2 28 3 2.501
2 28 4 5.571
2 28 5 0.996
2 28 6 1.559
2 28 7 1.501
2 28 8 1.201
2 28 9 1.005
2 28 10 0.721
2 28 11 1.501
2 28 12 0.657
2 28 13 1.21
2 28 14 2.691
2 28 15 0.0
2 28 16 0.0
2 29 0 1.402
2 29 1 1.601
2 29 2 1.382
2 29 3 3.907
2 29 4 2.076
2 29 5 1.57
2 29 6 3.304
2 29 7 4.671
2 29 8 2.501
2 29 9 0.875
2 29 10 1.0
2 29 11 2.123
2 29 12 0.8
2 29 13 0.8
2 29 14 0.0
2 29 15 0.0
2 29 16 0.0
2 30 0 0.926
2 30 1 1.623
2 30 2 1.185
2 30 3 1.176
2 30 4 1.309
2 30 5 1.557
2 30 6 1.049
2 30 7 1.088
2 30 8 1.014
2 30 9 1.153
2 30 10 2.898
2 30 11 1.245
2 30 12 2.781
2 30 13 0.0
2 30 14 0.0
2 30 15 0.0
2 30 16 0.0
2 31 0 0.882
2 31 1 1.333
2 31 2 2.539
2 31 3 0.678
2 31 4 2.554
2 31 5 0.853
2 31 6 0.719
2 31 7 1.0
2 31 8 1.004
2 31 9 2.207
2 31 10 6.847
2 31 11 1.26
2 31 12 0.0
2 31 13 0.0
2 31 14 0.0
2 31 15 0.0
2 31 16 0.0
2 32 0 1.016
2 32 1 1.546
2 32 2 0.824
2 32 3 1.258
2 32 4 0.907
2 32 5 1.315
2 32 6 4.072
2 32 7 2.501
2 32 8 1.685
2 32 9 1.053
2 32 10 4.428
2 32 11 0.0
2 32 12 0.0
2 32 13 0.0
2 32 14 0.0
2 32 15 0.0
2 32 16 0.0
2 33 0 2.449
2 33 1 0.778
2 33 2 2.911
2 33 3 3.042
2 33 4 3.64
2 33 5 0.695
2 33 6 1.525
2 33 7 1.781
2 33 8 2.501
2 33 9 1.813
2 33 10 0.0
2 33 11 0.0
2 33 12 0.0
2 33 13 0.0
2 33 14 0.0
2 33 15 0.0
2 33 16 0.0
3 0 0 1.289
3 0 1 0.888
3 0 2 0.605
3 0 3 2.959
3 0 4 1.958
3 0 5 0.5
3 0 6 0.269
3 0 7 2.128
3 0 8 1.198
3 0 9 1.276
3 0 10 1.3
3 0 11 1.0
3 1 0 1.451
3 1 1 2.215
3 1 2 2.467
3 1 3 2.535
3 1 4 1.566
3 1 5 6.783
3 1 6 1.456
3 1 7 2.138
3 1 8 1.598
3 1 9 1.279
3 1 10 2.499
3 1 11 1.79
3 2 0 1.792
3 2 1 2.401
3 2 2 2.682
3 2 3 1.388
3 2 4 1.771
3 2 5 2.166
3 2 6 2.411
3 2 7 1.126
3 2 8 3.561
3 2 9 2.016
3 2 10 8.96
3 2 11 3.399
3 3 0 2.021
3 3 1 2.128
3 3 2 1.255
3 3 3 0.997
3 3 4 1.0
3 3 5 0.669
3 3 6 4.03
3 3 7 1.561
3 3 8 1.541
3 3 9 2.933
3 3 10 2.998
3 3 11 0.462
3 4 0 0.741
3 4 1 1.235
3 4 2 0.734
3 4 3 1.098
3 4 4 0.934
3 4 5 1.1
3 4 6 1.367
3 4 7 1.87
3 4 8 3.382
3 4 9 3.868
3 4 10 3.707
3 4 11 1.39
3 5 0 1.188
3 5 1 0.936
3 5 2 1.324
3 5 3 0.829
3 5 4 0.981
3 5 5 1.755
3 5 6 1.05
3 5 7 1.412
3 5 8 1.099
3 5 9 1.02
3 5 10 1.908
3 5 11 3.235
3 6 0 0.733
3 6 1 0.746
3 6 2 1.301
3 6 3 0.558
3 6 4 1.5
3 6 5 0.696
3 6 6 1.0
3 6 7 2.141
3 6 8 7.054
3 6 9 2.213
3 6 10 2.29
3 6 11 2.13
3 7 0 0.0
3 7 1 0.0
3 7 2 0.0
3 7 3 0.0
3 7 4 0.0
3 7 5 0.488
3 7 6 1.902
3 7 7 1.93
3 7 8 2.014
3 7 9 2.692
3 7 10 2.27
3 7 11 0.725
3 8 0 0.0
3 8 1 0.0
3 8 2 0.0
3 8 3 0.0
3 8 4 0.0
3 8 5 0.867
3 8 6 1.028
3 8 7 1.391
3 8 8 3.292
3 8 9 2.961
3 8 10 1.33
3 8 11 2.933
3 9 0 0.0
3 9 1 0.0
3 9 2 0.0
3 9 3 0.0
3 9 4 0.0
3 9 5 1.411
3 9 6 1.092
3 9 7 0.838
3 9 8 2.406
3 9 9 2.165
3 9 10 2.449
3 9 11 0.625
3 10 0 0.0
3 10 1 0.0
3 10 2 0.0
3 10 3 0.0
3 10 4 0.0
3 10 5 0.518
3 10 6 1.224
3 10 7 0.384
3 10 8 1.837
3 10 9 1.12
3 10 10 2.215
3 10 11 8.0
3 11 0 0.0
3 11 1 0.0
3 11 2 0.0
3 11 3 0.0
3 11 4 0.0
3 11 5 0.069
3 11 6 0.991
3 11 7 0.825
3 11 8 1.717
3 11 9 1.801
3 11 10 1.241
3 11 11 1.05
3 12 0 0.0
3 12 1 0.0
3 12 2 0.0
3 12 3 0.0
3 12 4 0.0
3 12 5 0.578
3 12 6 1.176
3 12 7 1.387
3 12 8 2.543
3 12 9 1.33
3 12 10 1.0
3 12 11 3.072
3 13 0 0.0
3 13 1 0.0
3 13 2 0.0
3 13 3 0.0
3 13 4 0.0
3 13 5 0.96
3 13 6 1.014
3 13 7 0.704
3 13 8 2.209
3 13 9 3.008
3 13 10 2.279
3 13 11 1.545
3 14 0 0.0
3 14 1 0.0
3 14 2 0.0
3 14 3 0.0
3 14 4 0.0
3 14 5 0.806
3 14 6 2.804
3 14 7 1.006
3 14 8 2.634
3 14 9 1.358
3 14 10 1.0
3 14 11 1.619
3 15 0 0.0
3 15 1 0.0
3 15 2 0.0
3 15 3 0.0
3 15 4 0.0
3 15 5 0.5
3 15 6 0.921
3 15 7 1.531
3 15 8 3.183
3 15 9 2.11
3 15 10 0.855
3 15 11 0.601
3 16 0 0.0
3 16 1 0.0
3 16 2 0.0
3 16 3 0.0
3 16 4 0.0
3 16 5 1.0
3 16 6 2.297
3 16 7 2.075
3 16 8 2.41
3 16 9 2.119
3 16 10 2.5
3 16 11 1.0
3 17 0 0.759
3 17 1 1.076
3 17 2 0.664
3 17 3 1.277
3 17 4 1.0
3 17 5 1.0
3 17 6 1.805
3 17 7 2.03
3 17 8 2.963
3 17 9 2.349
3 17 10 1.424
3 17 11 0.827
3 18 0 1.069
3 18 1 1.157
3 18 2 1.625
3 18 3 1.366
3 18 4 2.796
3 18 5 0.8
3 18 6 1.122
3 18 7 1.907
3 18 8 3.82
3 18 9 4.049
3 18 10 3.481
3 18 11 3.071
3 19 0 1.096
3 19 1 0.478
3 19 2 1.935
3 19 3 1.35
3 19 4 1.958
3 19 5 2.081
3 19 6 1.293
3 19 7 2.401
3 19 8 2.174
3 19 9 1.556
3 19 10 2.364
3 19 11 0.687
3 20 0 1.833
3 20 1 1.997
3 20 2 0.9
3 20 3 0.994
3 20 4 1.984
3 20 5 2.931
3 20 6 1.607
3 20 7 1.284
3 20 8 1.335
3 20 9 1.73
3 20 10 3.479
3 20 11 1.58
3 21 0 1.884
3 21 1 3.173
3 21 2 2.089
3 21 3 3.241
3 21 4 1.0
3 21 5 1.499
3 21 6 2.735
3 21 7 9.488
3 21 8 2.046
3 21 9 3.147
3 21 10 2.134
3 21 11 1.948
3 22 0 1.71
3 22 1 2.773
3 22 2 1.874
3 22 3 1.576
3 22 4 1.1
3 22 5 1.699
3 22 6 1.302
3 22 7 4.398
3 22 8 0.742
3 22 9 2.888
3 22 10 1.29
3 22 11 1.049
3 23 0 1.502
3 23 1 1.508
3 23 2 1.08
3 23 3 1.661
3 23 4 2.943
3 23 5 1.675
3 23 6 1.0
3 23 7 3.306
3 23 8 1.068
3 23 9 1.135
3 23 10 1.0
3 23 11 0.4
4 0 0 1.319
4 0 1 1.651
4 0 2 0.936
4 0 3 1.173
4 0 4 1.257
4 0 5 1.15
4 0 6 1.0
4 0 7 4.01
4 0 8 1.0
4 0 9 1.0
4 0 10 2.4
4 0 11 0.1
4 1 0 1.784
4 1 1 2.857
4 1 2 1.838
4 1 3 2.077
4 1 4 2.222
4 1 5 5.088
4 1 6 2.025
4 1 7 3.05
4 1 8 1.738
4 1 9 2.584
4 1 10 2.46
4 1 11 0.4
4 2 0 1.0
4 2 1 2.519
4 2 2 4.036
4 2 3 1.537
4 2 4 1.0
4 2 5 1.0
4 2 6 1.0
4 2 7 1.0
4 2 8 1.0
4 2 9 1.0
4 2 10 1.0
4 2 11 1.0
4 3 0 1.0
4 3 1 2.395
4 3 2 4.581
4 3 3 2.908
4 3 4 0.95
4 3 5 1.947
4 3 6 2.801
4 3 7 2.63
4 3 8 2.606
4 3 9 3.806
4 3 10 3.18
4 3 11 2.674
4 4 0 1.16
4 4 1 1.879
4 4 2 5.536
4 4 3 2.032
4 4 4 0.872
4 4 5 2.604
4 4 6 1.692
4 4 7 2.829
4 4 8 2.104
4 4 9 1.0
4 4 10 2.749
4 4 11 2.833
4 5 0 1.134
4 5 1 0.8
4 5 2 1.123
4 5 3 0.974
4 5 4 1.0
4 5 5 1.0
4 5 6 1.0
4 5 7 1.0
4 5 8 1.0
4 5 9 1.0
4 5 10 1.0
4 5 11 1.0
4 6 0 0.789
4 6 1 0.741
4 6 2 1.007
4 6 3 0.544
4 6 4 1.205
4 6 5 1.0
4 6 6 1.896
4 6 7 3.0
4 6 8 2.449
4 6 9 2.122
4 6 10 0.9
4 6 11 3.33
4 7 0 0.0
4 7 1 0.0
4 7 2 0.0
4 7 3 0.0
4 7 4 0.0
4 7 5 0.817
4 7 6 1.433
4 7 7 2.723
4 7 8 1.609
4 7 9 2.379
4 7 10 2.099
4 7 11 1.775
4 8 0 0.0
4 8 1 0.0
4 8 2 0.0
4 8 3 0.0
4 8 4 0.0
4 8 5 0.86
4 8 6 0.927
4 8 7 8.247
4 8 8 0.695
4 8 9 2.539
4 8 10 1.65
4 8 11 0.859
4 9 0 0.0
4 9 1 0.0
4 9 2 0.0
4 9 3 0.0
4 9 4 0.0
4 9 5 0.788
4 9 6 1.034
4 9 7 4.625
4 9 8 2.801
4 9 9 3.011
4 9 10 2.952
4 9 11 1.5
4 10 0 0.0
4 10 1 0.0
4 10 2 0.0
4 10 3 0.0
4 10 4 0.0
4 10 5 0.894
4 10 6 0.957
4 10 7 2.386
4 10 8 2.055
4 10 9 1.277
4 10 10 1.644
4 10 11 1.213
4 11 0 0.0
4 11 1 0.0
4 11 2 0.0
4 11 3 0.0
4 11 4 0.0
4 11 5 0.885
4 11 6 1.12
4 11 7 2.237
4 11 8 1.874
4 11 9 1.698
4 11 10 2.373
4 11 11 1.008
4 12 0 0.0
4 12 1 0.0
4 12 2 0.0
4 12 3 0.0
4 12 4 0.0
4 12 5 1.15
4 12 6 1.031
4 12 7 1.8
4 12 8 3.025
4 12 9 3.716
4 12 10 2.056
4 12 11 1.779
4 13 0 0.0
4 13 1 0.0
4 13 2 0.0
4 13 3 0.0
4 13 4 0.0
4 13 5 1.524
4 13 6 0.738
4 13 7 2.643
4 13 8 1.233
4 13 9 1.366
4 13 10 2.572
4 13 11 2.919
4 14 0 0.0
4 14 1 0.0
4 14 2 0.0
4 14 3 0.0
4 14 4 0.0
4 14 5 0.934
4 14 6 1.874
4 14 7 4.24
4 14 8 2.12
4 14 9 2.251
4 14 10 2.64
4 14 11 3.034
4 15 0 0.0
4 15 1 0.0
4 15 2 0.0
4 15 3 0.0
4 15 4 0.0
4 15 5 0.746
4 15 6 1.288
4 15 7 2.103
4 15 8 4.254
4 15 9 2.424
4 15 10 2.195
4 15 11 0.98
4 16 0 0.0
4 16 1 0.0
4 16 2 0.0
4 16 3 0.0
4 16 4 0.0
4 16 5 1.0
4 16 6 2.168
4 16 7 1.764
4 16 8 1.274
4 16 9 1.813
4 16 10 1.16
4 16 11 3.123
4 17 0 1.0
4 17 1 0.824
4 17 2 0.513
4 17 3 0.737
4 17 4 6.152
4 17 5 2.3
4 17 6 1.0
4 17 7 1.766
4 17 8 2.55
4 17 9 2.205
4 17 10 2.929
4 17 11 0.595
4 18 0 0.59
4 18 1 1.1
4 18 2 1.15
4 18 3 1.316
4 18 4 3.0
4 18 5 3.0
4 18 6 1.041
4 18 7 1.87
4 18 8 0.986
4 18 9 2.155
4 18 10 4.098
4 18 11 3.261
4 19 0 1.0
4 19 1 2.33
4 19 2 1.826
4 19 3 3.0
4 19 4 3.0
4 19 5 0.881
4 19 6 2.0
4 19 7 1.273
4 19 8 1.0
4 19 9 2.965
4 19 10 3.226
4 19 11 2.374
4 20 0 1.0
4 20 1 1.2
4 20 2 0.839
4 20 3 2.343
4 20 4 7.152
4 20 5 4.223
4 20 6 2.297
4 20 7 2.493
4 20 8 3.0
4 20 9 1.664
4 20 10 1.871
4 20 11 3.421
4 21 0 3.204
4 21 1 1.441
4 21 2 2.28
4 21 3 3.707
4 21 4 2.41
4 21 5 2.028
4 21 6 3.716
4 21 7 4.207
4 21 8 2.366
4 21 9 5.206
4 21 10 1.005
4 21 11 1.4
4 22 0 2.0
4 22 1 1.49
4 22 2 2.0
4 22 3 1.6
4 22 4 2.983
4 22 5 5.846
4 22 6 1.936
4 22 7 3.328
4 22 8 2.079
4 22 9 0.756
4 22 10 0.513
4 22 11 1.468
4 23 0 1.757
4 23 1 2.5
4 23 2 1.821
4 23 3 0.88
4 23 4 1.5
4 23 5 2.657
4 23 6 2.4
4 23 7 2.259
4 23 8 1.198
4 23 9 1.0
4 23 10 2.239
4 23 11 1.5
