1 1 1 1.000 
1 1 2 1.000 
1 1 3 1.000 
1 1 4 1.000 
1 1 5 1.000 
1 1 6 1.000 
1 1 7 1.000 
1 1 8 1.000 
1 1 9 1.000 
1 1 10 1.000 
1 1 11 1.000 
1 1 12 1.000 
1 1 13 1.000 
1 1 14 1.000 
1 1 15 1.000 
1 1 16 1.000 
1 1 17 1.000 
1 1 18 1.000 
1 1 19 1.000 
1 1 20 1.000 
1 1 21 1.000 
1 1 22 1.000 
1 1 23 1.000 
1 1 24 1.000 
1 1 25 1.000 
1 1 26 1.000 
1 1 27 1.000 
1 1 28 1.000 
1 1 29 1.000 
1 1 30 1.000 
1 1 31 1.000 
1 1 32 1.000 
1 1 33 1.000 
1 1 34 1.000 
1 1 35 1.000 
1 1 36 1.000 
1 1 37 1.000 
1 1 38 1.000 
1 1 39 1.000 
1 1 40 1.000 
1 1 41 1.000 
1 1 42 1.000 
1 1 43 1.000 
1 1 44 1.000 
1 1 45 1.000 
1 1 46 1.000 
1 1 47 1.000 
1 1 48 1.000 
1 1 49 1.000 
1 2 1 1.000 
1 2 2 1.000 
1 2 3 1.000 
1 2 4 1.000 
1 2 5 1.000 
1 2 6 1.000 
1 2 7 1.000 
1 2 8 1.000 
1 2 9 1.000 
1 2 10 1.000 
1 2 11 1.000 
1 2 12 1.000 
1 2 13 1.000 
1 2 14 1.000 
1 2 15 1.000 
1 2 16 1.000 
1 2 17 1.000 
1 2 18 1.000 
1 2 19 1.000 
1 2 20 1.000 
1 2 21 1.000 
1 2 22 1.000 
1 2 23 1.000 
1 2 24 1.000 
1 2 25 1.000 
1 2 26 1.000 
1 2 27 1.000 
1 2 28 1.000 
1 2 29 1.000 
1 2 30 1.000 
1 2 31 1.000 
1 2 32 1.000 
1 2 33 1.000 
1 2 34 1.000 
1 2 35 1.000 
1 2 36 1.000 
1 2 37 1.000 
1 2 38 1.000 
1 2 39 1.000 
1 2 40 1.000 
1 2 41 1.000 
1 2 42 1.000 
1 2 43 1.000 
1 2 44 1.000 
1 2 45 1.000 
1 2 46 1.000 
1 2 47 1.000 
1 2 48 1.000 
1 2 49 1.000 
1 3 1 0.000 
1 3 2 0.000 
1 3 3 0.000 
1 3 4 0.000 
1 3 5 0.000 
1 3 6 0.000 
1 3 7 0.000 
1 3 8 0.000 
1 3 9 0.000 
1 3 10 0.000 
1 3 11 0.000 
1 3 12 0.000 
1 3 13 0.000 
1 3 14 0.000 
1 3 15 0.000 
1 3 16 0.000 
1 3 17 0.000 
1 3 18 0.000 
1 3 19 0.000 
1 3 20 0.000 
1 3 21 0.000 
1 3 22 0.000 
1 3 23 0.000 
1 3 24 0.000 
1 3 25 0.000 
1 4 1 0.000 
1 4 2 0.000 
1 4 3 0.000 
1 4 4 0.000 
1 4 5 0.000 
1 4 6 0.000 
1 4 7 0.000 
1 4 8 0.000 
1 4 9 0.000 
1 4 10 0.000 
1 4 11 0.000 
1 4 12 0.000 
1 4 13 0.000 
1 4 14 0.000 
1 4 15 0.000 
1 4 16 0.000 
1 4 17 0.000 
1 4 18 0.000 
1 4 19 0.000 
1 4 20 0.000 
1 4 21 0.000 
1 4 22 0.000 
1 4 23 0.000 
1 4 24 0.000 
1 4 25 0.000 
1 5 1 1.000 
1 5 2 1.000 
1 5 3 1.000 
1 5 4 1.000 
1 5 5 1.000 
1 5 6 1.000 
1 5 7 1.000 
1 6 1 1.000 
1 6 2 1.000 
1 6 3 1.000 
1 6 4 1.000 
1 6 5 1.000 
1 6 6 1.000 
1 6 7 1.000 
2 1 1 1.463 
2 1 2 1.065 
2 1 3 1.000 
2 1 4 1.786 
2 1 5 0.849 
2 1 6 0.931 
2 1 7 0.293 
2 1 8 2.559 
2 1 9 1.000 
2 1 10 2.000 
2 1 11 0.000 
2 1 12 0.000 
2 1 13 0.000 
2 1 14 0.000 
2 1 15 0.000 
2 1 16 0.000 
2 1 17 0.000 
2 1 18 5.204 
2 1 19 0.000 
2 1 20 2.877 
2 1 21 1.000 
2 1 22 1.754 
2 1 23 0.785 
2 1 24 0.742 
2 1 25 0.335 
2 1 26 2.530 
2 1 27 2.929 
2 1 28 4.881 
2 1 29 0.000 
2 1 30 0.000 
2 1 31 0.000 
2 1 32 0.000 
2 1 33 0.000 
2 1 34 0.000 
2 1 35 1.501 
2 1 36 2.621 
2 1 37 0.653 
2 1 38 3.891 
2 1 39 1.268 
2 1 40 2.248 
2 1 41 0.496 
2 1 42 1.210 
2 1 43 1.340 
2 1 44 1.236 
2 1 45 4.036 
2 1 46 1.421 
2 1 47 0.000 
2 1 48 0.000 
2 1 49 0.000 
2 1 50 0.000 
2 1 51 0.000 
2 1 52 1.823 
2 1 53 1.574 
2 1 54 1.837 
2 1 55 1.220 
2 1 56 0.931 
2 1 57 1.939 
2 1 58 1.138 
2 1 59 1.158 
2 1 60 1.070 
2 1 61 1.090 
2 1 62 1.009 
2 1 63 3.732 
2 1 64 0.656 
2 1 65 0.000 
2 1 66 0.000 
2 1 67 0.000 
2 1 68 0.000 
2 1 69 2.076 
2 1 70 1.192 
2 1 71 1.605 
2 1 72 1.239 
2 1 73 1.000 
2 1 74 0.972 
2 1 75 1.318 
2 1 76 1.499 
2 1 77 1.434 
2 1 78 1.249 
2 1 79 2.559 
2 1 80 1.067 
2 1 81 3.542 
2 1 82 1.086 
2 1 83 0.000 
2 1 84 0.000 
2 1 85 0.000 
2 1 86 1.000 
2 1 87 0.312 
2 1 88 4.055 
2 1 89 1.152 
2 1 90 1.288 
2 1 91 1.091 
2 1 92 1.224 
2 1 93 1.343 
2 1 94 3.564 
2 1 95 0.745 
2 1 96 1.223 
2 1 97 2.689 
2 1 98 1.091 
2 1 99 1.501 
2 1 100 1.053 
2 1 101 0.000 
2 1 102 0.000 
2 1 103 0.675 
2 1 104 1.834 
2 1 105 1.265 
2 1 106 0.975 
2 1 107 2.015 
2 1 108 1.000 
2 1 109 1.734 
2 1 110 0.401 
2 1 111 1.716 
2 1 112 0.901 
2 1 113 1.641 
2 1 114 2.713 
2 1 115 0.933 
2 1 116 7.235 
2 1 117 5.157 
2 1 118 1.000 
2 1 119 0.000 
2 1 120 1.666 
2 1 121 1.442 
2 1 122 2.454 
2 1 123 1.037 
2 1 124 1.895 
2 1 125 2.267 
2 1 126 1.931 
2 1 127 1.132 
2 1 128 1.889 
2 1 129 1.501 
2 1 130 1.273 
2 1 131 0.981 
2 1 132 0.764 
2 1 133 4.179 
2 1 134 5.175 
2 1 135 1.421 
2 1 136 7.508 
2 1 137 0.916 
2 1 138 1.029 
2 1 139 2.133 
2 1 140 1.446 
2 1 141 2.007 
2 1 142 1.274 
2 1 143 2.297 
2 1 144 1.549 
2 1 145 2.391 
2 1 146 1.250 
2 1 147 1.022 
2 1 148 1.700 
2 1 149 1.704 
2 1 150 1.477 
2 1 151 1.501 
2 1 152 4.013 
2 1 153 6.487 
2 1 154 0.000 
2 1 155 0.000 
2 1 156 0.000 
2 1 157 0.000 
2 1 158 0.000 
2 1 159 0.000 
2 1 160 0.000 
2 1 161 0.000 
2 1 162 1.467 
2 1 163 7.554 
2 1 164 1.000 
2 1 165 1.782 
2 1 166 1.241 
2 1 167 0.877 
2 1 168 1.650 
2 1 169 6.297 
2 1 170 9.332 
2 1 171 0.000 
2 1 172 0.000 
2 1 173 0.000 
2 1 174 0.000 
2 1 175 0.000 
2 1 176 0.000 
2 1 177 0.000 
2 1 178 0.000 
2 1 179 1.114 
2 1 180 3.255 
2 1 181 1.657 
2 1 182 1.249 
2 1 183 1.557 
2 1 184 1.929 
2 1 185 5.227 
2 1 186 1.377 
2 1 187 0.763 
2 1 188 0.000 
2 1 189 0.000 
2 1 190 0.000 
2 1 191 0.000 
2 1 192 0.000 
2 1 193 0.000 
2 1 194 0.000 
2 1 195 0.000 
2 1 196 1.932 
2 1 197 1.718 
2 1 198 1.953 
2 1 199 2.474 
2 1 200 1.567 
2 1 201 0.434 
2 1 202 1.044 
2 1 203 1.603 
2 1 204 1.685 
2 1 205 0.000 
2 1 206 0.000 
2 1 207 0.000 
2 1 208 0.000 
2 1 209 0.000 
2 1 210 0.000 
2 1 211 0.000 
2 1 212 0.000 
2 1 213 2.362 
2 1 214 3.006 
2 1 215 2.136 
2 1 216 0.650 
2 1 217 2.798 
2 1 218 1.599 
2 1 219 1.385 
2 1 220 1.881 
2 1 221 2.501 
2 1 222 0.000 
2 1 223 0.000 
2 1 224 0.000 
2 1 225 0.000 
2 1 226 0.000 
2 1 227 0.000 
2 1 228 0.000 
2 1 229 0.000 
2 1 230 1.593 
2 1 231 1.833 
2 1 232 2.431 
2 1 233 0.844 
2 1 234 3.668 
2 1 235 1.583 
2 1 236 7.156 
2 1 237 1.398 
2 1 238 0.593 
2 1 239 0.000 
2 1 240 0.000 
2 1 241 0.000 
2 1 242 0.000 
2 1 243 0.000 
2 1 244 0.000 
2 1 245 0.000 
2 1 246 0.000 
2 1 247 2.338 
2 1 248 1.182 
2 1 249 1.000 
2 1 250 1.936 
2 1 251 1.921 
2 1 252 0.260 
2 1 253 1.077 
2 1 254 3.000 
2 1 255 0.672 
2 1 256 0.000 
2 1 257 0.000 
2 1 258 0.000 
2 1 259 0.000 
2 1 260 0.000 
2 1 261 0.000 
2 1 262 0.000 
2 1 263 0.000 
2 1 264 2.111 
2 1 265 2.111 
2 1 266 1.594 
2 1 267 1.075 
2 1 268 0.539 
2 1 269 1.000 
2 1 270 1.992 
2 1 271 2.664 
2 1 272 0.780 
2 1 273 0.000 
2 1 274 0.000 
2 1 275 0.000 
2 1 276 0.000 
2 1 277 0.000 
2 1 278 0.000 
2 1 279 0.000 
2 1 280 0.000 
2 1 281 0.393 
2 1 282 2.246 
2 1 283 1.794 
2 1 284 0.600 
2 1 285 0.524 
2 1 286 1.216 
2 1 287 5.281 
2 1 288 1.935 
2 1 289 0.468 
2 1 290 0.000 
2 1 291 0.000 
2 1 292 0.000 
2 1 293 0.000 
2 1 294 0.000 
2 1 295 0.000 
2 1 296 0.000 
2 1 297 0.000 
2 1 298 1.493 
2 1 299 1.361 
2 1 300 1.771 
2 1 301 2.100 
2 1 302 1.520 
2 1 303 2.712 
2 1 304 2.378 
2 1 305 1.331 
2 1 306 0.821 
2 1 307 0.000 
2 1 308 0.000 
2 1 309 0.000 
2 1 310 0.000 
2 1 311 0.000 
2 1 312 0.000 
2 1 313 0.000 
2 1 314 0.000 
2 1 315 1.484 
2 1 316 0.364 
2 1 317 0.796 
2 1 318 2.976 
2 1 319 0.469 
2 1 320 1.561 
2 1 321 2.443 
2 1 322 6.760 
2 1 323 1.507 
2 1 324 0.000 
2 1 325 0.000 
2 1 326 0.000 
2 1 327 0.000 
2 1 328 0.000 
2 1 329 0.000 
2 1 330 0.000 
2 1 331 0.000 
2 1 332 1.982 
2 1 333 1.501 
2 1 334 2.411 
2 1 335 1.830 
2 1 336 1.171 
2 1 337 1.110 
2 1 338 0.959 
2 1 339 1.146 
2 1 340 1.805 
2 1 341 0.000 
2 1 342 0.000 
2 1 343 0.000 
2 1 344 0.000 
2 1 345 0.000 
2 1 346 0.000 
2 1 347 0.000 
2 1 348 0.000 
2 1 349 2.501 
2 1 350 2.760 
2 1 351 0.904 
2 1 352 2.709 
2 1 353 1.062 
2 1 354 1.501 
2 1 355 2.049 
2 1 356 0.964 
2 1 357 0.964 
2 1 358 0.000 
2 1 359 0.000 
2 1 360 0.000 
2 1 361 0.000 
2 1 362 0.000 
2 1 363 0.000 
2 1 364 0.000 
2 1 365 0.000 
2 1 366 1.501 
2 1 367 1.409 
2 1 368 1.842 
2 1 369 1.034 
2 1 370 1.477 
2 1 371 1.216 
2 1 372 0.825 
2 1 373 0.979 
2 1 374 1.219 
2 1 375 0.000 
2 1 376 0.000 
2 1 377 0.000 
2 1 378 0.000 
2 1 379 0.000 
2 1 380 0.000 
2 1 381 0.000 
2 1 382 0.000 
2 1 383 2.852 
2 1 384 0.997 
2 1 385 2.336 
2 1 386 2.341 
2 1 387 0.080 
2 1 388 2.708 
2 1 389 1.153 
2 1 390 2.501 
2 1 391 2.189 
2 1 392 0.000 
2 1 393 0.000 
2 1 394 0.000 
2 1 395 0.000 
2 1 396 0.000 
2 1 397 0.000 
2 1 398 0.000 
2 1 399 0.000 
2 1 400 1.990 
2 1 401 1.743 
2 1 402 0.869 
2 1 403 2.501 
2 1 404 3.129 
2 1 405 1.576 
2 1 406 0.765 
2 1 407 0.303 
2 1 408 0.845 
2 1 409 0.000 
2 1 410 0.000 
2 1 411 0.000 
2 1 412 0.000 
2 1 413 0.000 
2 1 414 0.000 
2 1 415 0.000 
2 1 416 0.000 
2 1 417 2.059 
2 1 418 1.293 
2 1 419 0.747 
2 1 420 1.517 
2 1 421 0.819 
2 1 422 1.156 
2 1 423 2.796 
2 1 424 0.681 
2 1 425 1.473 
2 1 426 1.186 
2 1 427 1.281 
2 1 428 1.501 
2 1 429 1.406 
2 1 430 0.597 
2 1 431 2.003 
2 1 432 1.506 
2 1 433 1.767 
2 1 434 1.144 
2 1 435 2.620 
2 1 436 1.020 
2 1 437 2.295 
2 1 438 1.528 
2 1 439 0.595 
2 1 440 2.029 
2 1 441 2.128 
2 1 442 2.124 
2 1 443 1.826 
2 1 444 3.546 
2 1 445 1.324 
2 1 446 1.343 
2 1 447 1.140 
2 1 448 3.608 
2 1 449 2.182 
2 1 450 0.800 
2 1 451 2.501 
2 1 452 0.772 
2 1 453 0.937 
2 1 454 1.264 
2 1 455 1.280 
2 1 456 0.235 
2 1 457 0.645 
2 1 458 5.090 
2 1 459 2.433 
2 1 460 1.452 
2 1 461 0.933 
2 1 462 1.014 
2 1 463 1.469 
2 1 464 3.457 
2 1 465 1.521 
2 1 466 0.914 
2 1 467 1.732 
2 1 468 1.501 
2 1 469 1.144 
2 1 470 1.240 
2 1 471 1.712 
2 1 472 0.850 
2 1 473 3.805 
2 1 474 3.709 
2 1 475 2.384 
2 1 476 0.000 
2 1 477 2.836 
2 1 478 2.179 
2 1 479 1.562 
2 1 480 0.808 
2 1 481 1.717 
2 1 482 1.004 
2 1 483 3.315 
2 1 484 1.385 
2 1 485 1.188 
2 1 486 0.894 
2 1 487 1.312 
2 1 488 1.298 
2 1 489 1.672 
2 1 490 0.948 
2 1 491 4.708 
2 1 492 0.000 
2 1 493 0.000 
2 1 494 2.351 
2 1 495 1.364 
2 1 496 1.400 
2 1 497 1.120 
2 1 498 2.905 
2 1 499 0.848 
2 1 500 2.501 
2 1 501 1.130 
2 1 502 1.424 
2 1 503 0.797 
2 1 504 0.750 
2 1 505 0.991 
2 1 506 0.586 
2 1 507 0.863 
2 1 508 0.000 
2 1 509 0.000 
2 1 510 0.000 
2 1 511 1.963 
2 1 512 1.766 
2 1 513 1.854 
2 1 514 2.426 
2 1 515 3.547 
2 1 516 1.281 
2 1 517 1.347 
2 1 518 1.744 
2 1 519 1.298 
2 1 520 1.069 
2 1 521 1.758 
2 1 522 0.565 
2 1 523 3.756 
2 1 524 0.000 
2 1 525 0.000 
2 1 526 0.000 
2 1 527 0.000 
2 1 528 0.634 
2 1 529 1.672 
2 1 530 2.476 
2 1 531 0.786 
2 1 532 2.626 
2 1 533 1.223 
2 1 534 0.985 
2 1 535 1.254 
2 1 536 0.604 
2 1 537 0.678 
2 1 538 0.827 
2 1 539 0.888 
2 1 540 0.000 
2 1 541 0.000 
2 1 542 0.000 
2 1 543 0.000 
2 1 544 0.000 
2 1 545 1.934 
2 1 546 0.666 
2 1 547 1.048 
2 1 548 4.193 
2 1 549 2.774 
2 1 550 1.505 
2 1 551 1.142 
2 1 552 1.673 
2 1 553 1.651 
2 1 554 1.732 
2 1 555 5.531 
2 1 556 0.000 
2 1 557 0.000 
2 1 558 0.000 
2 1 559 0.000 
2 1 560 0.000 
2 1 561 0.000 
2 1 562 0.852 
2 1 563 2.625 
2 1 564 3.476 
2 1 565 0.976 
2 1 566 1.501 
2 1 567 1.000 
2 1 568 2.641 
2 1 569 0.996 
2 1 570 0.646 
2 1 571 4.652 
2 1 572 0.000 
2 1 573 0.000 
2 1 574 0.000 
2 1 575 0.000 
2 1 576 0.000 
2 1 577 0.000 
2 1 578 0.000 
2 2 1 0.800 
2 2 2 3.329 
2 2 3 1.825 
2 2 4 2.000 
2 2 5 1.300 
2 2 6 3.406 
2 2 7 0.611 
2 2 8 0.970 
2 2 9 1.121 
2 2 10 0.760 
2 2 11 0.000 
2 2 12 0.000 
2 2 13 0.000 
2 2 14 0.000 
2 2 15 0.000 
2 2 16 0.000 
2 2 17 0.000 
2 2 18 0.801 
2 2 19 2.507 
2 2 20 1.171 
2 2 21 0.699 
2 2 22 1.981 
2 2 23 1.006 
2 2 24 1.660 
2 2 25 0.690 
2 2 26 1.204 
2 2 27 1.265 
2 2 28 2.742 
2 2 29 0.000 
2 2 30 0.000 
2 2 31 0.000 
2 2 32 0.000 
2 2 33 0.000 
2 2 34 0.000 
2 2 35 1.000 
2 2 36 1.833 
2 2 37 1.354 
2 2 38 1.400 
2 2 39 5.000 
2 2 40 1.263 
2 2 41 0.792 
2 2 42 0.887 
2 2 43 0.773 
2 2 44 2.413 
2 2 45 0.695 
2 2 46 3.118 
2 2 47 0.000 
2 2 48 0.000 
2 2 49 0.000 
2 2 50 0.000 
2 2 51 0.000 
2 2 52 1.342 
2 2 53 1.399 
2 2 54 1.604 
2 2 55 1.081 
2 2 56 0.800 
2 2 57 1.238 
2 2 58 0.836 
2 2 59 1.250 
2 2 60 1.461 
2 2 61 0.655 
2 2 62 1.290 
2 2 63 0.728 
2 2 64 0.941 
2 2 65 0.000 
2 2 66 0.000 
2 2 67 0.000 
2 2 68 0.000 
2 2 69 1.450 
2 2 70 1.638 
2 2 71 0.897 
2 2 72 1.063 
2 2 73 5.000 
2 2 74 0.679 
2 2 75 1.220 
2 2 76 0.489 
2 2 77 0.636 
2 2 78 1.501 
2 2 79 6.731 
2 2 80 0.294 
2 2 81 2.469 
2 2 82 4.984 
2 2 83 0.000 
2 2 84 0.000 
2 2 85 0.000 
2 2 86 1.397 
2 2 87 2.239 
2 2 88 1.932 
2 2 89 1.511 
2 2 90 1.320 
2 2 91 1.430 
2 2 92 0.452 
2 2 93 2.501 
2 2 94 1.542 
2 2 95 1.176 
2 2 96 0.347 
2 2 97 1.264 
2 2 98 1.837 
2 2 99 3.664 
2 2 100 0.744 
2 2 101 0.000 
2 2 102 0.000 
2 2 103 1.210 
2 2 104 0.957 
2 2 105 1.167 
2 2 106 0.864 
2 2 107 1.259 
2 2 108 0.973 
2 2 109 0.690 
2 2 110 1.131 
2 2 111 0.956 
2 2 112 1.000 
2 2 113 1.746 
2 2 114 1.068 
2 2 115 1.870 
2 2 116 1.551 
2 2 117 2.510 
2 2 118 1.720 
2 2 119 0.000 
2 2 120 1.302 
2 2 121 1.781 
2 2 122 2.180 
2 2 123 1.397 
2 2 124 1.689 
2 2 125 1.666 
2 2 126 1.547 
2 2 127 1.470 
2 2 128 1.156 
2 2 129 1.406 
2 2 130 0.747 
2 2 131 1.501 
2 2 132 0.388 
2 2 133 0.763 
2 2 134 2.212 
2 2 135 0.951 
2 2 136 4.372 
2 2 137 1.879 
2 2 138 0.874 
2 2 139 0.876 
2 2 140 1.552 
2 2 141 1.293 
2 2 142 1.285 
2 2 143 1.200 
2 2 144 0.740 
2 2 145 1.142 
2 2 146 0.783 
2 2 147 2.671 
2 2 148 0.863 
2 2 149 1.444 
2 2 150 2.000 
2 2 151 0.301 
2 2 152 7.408 
2 2 153 0.815 
2 2 154 0.000 
2 2 155 0.000 
2 2 156 0.000 
2 2 157 0.000 
2 2 158 0.000 
2 2 159 0.000 
2 2 160 0.000 
2 2 161 0.000 
2 2 162 0.938 
2 2 163 0.658 
2 2 164 1.454 
2 2 165 0.306 
2 2 166 1.140 
2 2 167 1.220 
2 2 168 0.715 
2 2 169 1.000 
2 2 170 0.710 
2 2 171 0.000 
2 2 172 0.000 
2 2 173 0.000 
2 2 174 0.000 
2 2 175 0.000 
2 2 176 0.000 
2 2 177 0.000 
2 2 178 0.000 
2 2 179 1.326 
2 2 180 1.777 
2 2 181 1.501 
2 2 182 2.782 
2 2 183 1.226 
2 2 184 1.554 
2 2 185 0.477 
2 2 186 6.666 
2 2 187 1.079 
2 2 188 0.000 
2 2 189 0.000 
2 2 190 0.000 
2 2 191 0.000 
2 2 192 0.000 
2 2 193 0.000 
2 2 194 0.000 
2 2 195 0.000 
2 2 196 1.466 
2 2 197 1.513 
2 2 198 4.704 
2 2 199 6.523 
2 2 200 2.400 
2 2 201 1.000 
2 2 202 1.000 
2 2 203 4.133 
2 2 204 0.833 
2 2 205 0.000 
2 2 206 0.000 
2 2 207 0.000 
2 2 208 0.000 
2 2 209 0.000 
2 2 210 0.000 
2 2 211 0.000 
2 2 212 0.000 
2 2 213 1.528 
2 2 214 1.438 
2 2 215 1.496 
2 2 216 1.389 
2 2 217 1.167 
2 2 218 1.000 
2 2 219 1.501 
2 2 220 1.501 
2 2 221 1.558 
2 2 222 0.000 
2 2 223 0.000 
2 2 224 0.000 
2 2 225 0.000 
2 2 226 0.000 
2 2 227 0.000 
2 2 228 0.000 
2 2 229 0.000 
2 2 230 0.947 
2 2 231 0.884 
2 2 232 3.053 
2 2 233 3.497 
2 2 234 1.071 
2 2 235 0.337 
2 2 236 2.919 
2 2 237 1.501 
2 2 238 3.490 
2 2 239 0.000 
2 2 240 0.000 
2 2 241 0.000 
2 2 242 0.000 
2 2 243 0.000 
2 2 244 0.000 
2 2 245 0.000 
2 2 246 0.000 
2 2 247 0.913 
2 2 248 1.186 
2 2 249 2.135 
2 2 250 1.429 
2 2 251 1.501 
2 2 252 1.000 
2 2 253 1.318 
2 2 254 1.000 
2 2 255 0.302 
2 2 256 0.000 
2 2 257 0.000 
2 2 258 0.000 
2 2 259 0.000 
2 2 260 0.000 
2 2 261 0.000 
2 2 262 0.000 
2 2 263 0.000 
2 2 264 1.501 
2 2 265 2.079 
2 2 266 1.501 
2 2 267 1.000 
2 2 268 2.155 
2 2 269 8.887 
2 2 270 2.489 
2 2 271 3.679 
2 2 272 1.075 
2 2 273 0.000 
2 2 274 0.000 
2 2 275 0.000 
2 2 276 0.000 
2 2 277 0.000 
2 2 278 0.000 
2 2 279 0.000 
2 2 280 0.000 
2 2 281 1.143 
2 2 282 0.923 
2 2 283 1.000 
2 2 284 0.667 
2 2 285 8.722 
2 2 286 1.501 
2 2 287 5.885 
2 2 288 2.118 
2 2 289 0.906 
2 2 290 0.000 
2 2 291 0.000 
2 2 292 0.000 
2 2 293 0.000 
2 2 294 0.000 
2 2 295 0.000 
2 2 296 0.000 
2 2 297 0.000 
2 2 298 4.355 
2 2 299 1.000 
2 2 300 1.501 
2 2 301 3.255 
2 2 302 7.538 
2 2 303 1.000 
2 2 304 4.587 
2 2 305 1.463 
2 2 306 2.839 
2 2 307 0.000 
2 2 308 0.000 
2 2 309 0.000 
2 2 310 0.000 
2 2 311 0.000 
2 2 312 0.000 
2 2 313 0.000 
2 2 314 0.000 
2 2 315 2.619 
2 2 316 3.700 
2 2 317 1.501 
2 2 318 2.187 
2 2 319 1.501 
2 2 320 3.855 
2 2 321 7.065 
2 2 322 3.799 
2 2 323 1.134 
2 2 324 0.000 
2 2 325 0.000 
2 2 326 0.000 
2 2 327 0.000 
2 2 328 0.000 
2 2 329 0.000 
2 2 330 0.000 
2 2 331 0.000 
2 2 332 2.000 
2 2 333 3.000 
2 2 334 2.909 
2 2 335 1.767 
2 2 336 1.501 
2 2 337 1.351 
2 2 338 6.208 
2 2 339 3.527 
2 2 340 2.903 
2 2 341 0.000 
2 2 342 0.000 
2 2 343 0.000 
2 2 344 0.000 
2 2 345 0.000 
2 2 346 0.000 
2 2 347 0.000 
2 2 348 0.000 
2 2 349 5.000 
2 2 350 2.000 
2 2 351 2.500 
2 2 352 1.000 
2 2 353 1.000 
2 2 354 1.400 
2 2 355 1.000 
2 2 356 1.000 
2 2 357 3.037 
2 2 358 0.000 
2 2 359 0.000 
2 2 360 0.000 
2 2 361 0.000 
2 2 362 0.000 
2 2 363 0.000 
2 2 364 0.000 
2 2 365 0.000 
2 2 366 1.501 
2 2 367 2.224 
2 2 368 4.817 
2 2 369 2.501 
2 2 370 2.346 
2 2 371 4.198 
2 2 372 1.000 
2 2 373 3.548 
2 2 374 2.501 
2 2 375 0.000 
2 2 376 0.000 
2 2 377 0.000 
2 2 378 0.000 
2 2 379 0.000 
2 2 380 0.000 
2 2 381 0.000 
2 2 382 0.000 
2 2 383 1.000 
2 2 384 2.563 
2 2 385 3.336 
2 2 386 3.427 
2 2 387 2.400 
2 2 388 2.976 
2 2 389 2.167 
2 2 390 2.501 
2 2 391 4.606 
2 2 392 0.000 
2 2 393 0.000 
2 2 394 0.000 
2 2 395 0.000 
2 2 396 0.000 
2 2 397 0.000 
2 2 398 0.000 
2 2 399 0.000 
2 2 400 3.000 
2 2 401 5.279 
2 2 402 3.006 
2 2 403 1.000 
2 2 404 2.762 
2 2 405 1.000 
2 2 406 3.121 
2 2 407 2.434 
2 2 408 2.087 
2 2 409 0.000 
2 2 410 0.000 
2 2 411 0.000 
2 2 412 0.000 
2 2 413 0.000 
2 2 414 0.000 
2 2 415 0.000 
2 2 416 0.000 
2 2 417 2.000 
2 2 418 2.000 
2 2 419 2.000 
2 2 420 3.666 
2 2 421 1.501 
2 2 422 1.000 
2 2 423 1.046 
2 2 424 4.630 
2 2 425 1.000 
2 2 426 2.000 
2 2 427 4.100 
2 2 428 2.800 
2 2 429 2.501 
2 2 430 3.200 
2 2 431 2.418 
2 2 432 2.139 
2 2 433 3.406 
2 2 434 2.573 
2 2 435 4.331 
2 2 436 2.887 
2 2 437 3.245 
2 2 438 1.000 
2 2 439 2.112 
2 2 440 0.940 
2 2 441 5.925 
2 2 442 2.843 
2 2 443 2.000 
2 2 444 3.000 
2 2 445 1.501 
2 2 446 2.500 
2 2 447 1.500 
2 2 448 2.501 
2 2 449 7.244 
2 2 450 1.983 
2 2 451 1.487 
2 2 452 1.000 
2 2 453 4.100 
2 2 454 1.558 
2 2 455 1.797 
2 2 456 0.754 
2 2 457 4.119 
2 2 458 4.776 
2 2 459 3.031 
2 2 460 1.700 
2 2 461 4.550 
2 2 462 3.996 
2 2 463 1.660 
2 2 464 3.360 
2 2 465 1.212 
2 2 466 1.839 
2 2 467 2.871 
2 2 468 2.427 
2 2 469 0.853 
2 2 470 3.178 
2 2 471 1.272 
2 2 472 0.906 
2 2 473 2.507 
2 2 474 1.363 
2 2 475 3.430 
2 2 476 0.000 
2 2 477 5.254 
2 2 478 2.477 
2 2 479 4.304 
2 2 480 2.501 
2 2 481 5.571 
2 2 482 0.996 
2 2 483 1.559 
2 2 484 1.501 
2 2 485 1.201 
2 2 486 1.005 
2 2 487 0.721 
2 2 488 1.501 
2 2 489 0.657 
2 2 490 1.210 
2 2 491 2.691 
2 2 492 0.000 
2 2 493 0.000 
2 2 494 1.402 
2 2 495 1.601 
2 2 496 1.382 
2 2 497 3.907 
2 2 498 2.076 
2 2 499 1.570 
2 2 500 3.304 
2 2 501 4.671 
2 2 502 2.501 
2 2 503 0.875 
2 2 504 1.000 
2 2 505 2.123 
2 2 506 0.800 
2 2 507 0.800 
2 2 508 0.000 
2 2 509 0.000 
2 2 510 0.000 
2 2 511 0.926 
2 2 512 1.623 
2 2 513 1.185 
2 2 514 1.176 
2 2 515 1.309 
2 2 516 1.557 
2 2 517 1.049 
2 2 518 1.088 
2 2 519 1.014 
2 2 520 1.153 
2 2 521 2.898 
2 2 522 1.245 
2 2 523 2.781 
2 2 524 0.000 
2 2 525 0.000 
2 2 526 0.000 
2 2 527 0.000 
2 2 528 0.882 
2 2 529 1.333 
2 2 530 2.539 
2 2 531 0.678 
2 2 532 2.554 
2 2 533 0.853 
2 2 534 0.719 
2 2 535 1.000 
2 2 536 1.004 
2 2 537 2.207 
2 2 538 6.847 
2 2 539 1.260 
2 2 540 0.000 
2 2 541 0.000 
2 2 542 0.000 
2 2 543 0.000 
2 2 544 0.000 
2 2 545 1.016 
2 2 546 1.546 
2 2 547 0.824 
2 2 548 1.258 
2 2 549 0.907 
2 2 550 1.315 
2 2 551 4.072 
2 2 552 2.501 
2 2 553 1.685 
2 2 554 1.053 
2 2 555 4.428 
2 2 556 0.000 
2 2 557 0.000 
2 2 558 0.000 
2 2 559 0.000 
2 2 560 0.000 
2 2 561 0.000 
2 2 562 2.449 
2 2 563 0.778 
2 2 564 2.911 
2 2 565 3.042 
2 2 566 3.640 
2 2 567 0.695 
2 2 568 1.525 
2 2 569 1.781 
2 2 570 2.501 
2 2 571 1.813 
2 2 572 0.000 
2 2 573 0.000 
2 2 574 0.000 
2 2 575 0.000 
2 2 576 0.000 
2 2 577 0.000 
2 2 578 0.000 
2 3 1 1.289 
2 3 2 0.888 
2 3 3 0.605 
2 3 4 2.959 
2 3 5 1.958 
2 3 6 0.500 
2 3 7 0.269 
2 3 8 2.128 
2 3 9 1.198 
2 3 10 1.276 
2 3 11 1.300 
2 3 12 1.000 
2 3 13 1.451 
2 3 14 2.215 
2 3 15 2.467 
2 3 16 2.535 
2 3 17 1.566 
2 3 18 6.783 
2 3 19 1.456 
2 3 20 2.138 
2 3 21 1.598 
2 3 22 1.279 
2 3 23 2.499 
2 3 24 1.790 
2 3 25 1.792 
2 3 26 2.401 
2 3 27 2.682 
2 3 28 1.388 
2 3 29 1.771 
2 3 30 2.166 
2 3 31 2.411 
2 3 32 1.126 
2 3 33 3.561 
2 3 34 2.016 
2 3 35 8.960 
2 3 36 3.399 
2 3 37 2.021 
2 3 38 2.128 
2 3 39 1.255 
2 3 40 0.997 
2 3 41 1.000 
2 3 42 0.669 
2 3 43 4.030 
2 3 44 1.561 
2 3 45 1.541 
2 3 46 2.933 
2 3 47 2.998 
2 3 48 0.462 
2 3 49 0.741 
2 3 50 1.235 
2 3 51 0.734 
2 3 52 1.098 
2 3 53 0.934 
2 3 54 1.100 
2 3 55 1.367 
2 3 56 1.870 
2 3 57 3.382 
2 3 58 3.868 
2 3 59 3.707 
2 3 60 1.390 
2 3 61 1.188 
2 3 62 0.936 
2 3 63 1.324 
2 3 64 0.829 
2 3 65 0.981 
2 3 66 1.755 
2 3 67 1.050 
2 3 68 1.412 
2 3 69 1.099 
2 3 70 1.020 
2 3 71 1.908 
2 3 72 3.235 
2 3 73 0.733 
2 3 74 0.746 
2 3 75 1.301 
2 3 76 0.558 
2 3 77 1.500 
2 3 78 0.696 
2 3 79 1.000 
2 3 80 2.141 
2 3 81 7.054 
2 3 82 2.213 
2 3 83 2.290 
2 3 84 2.130 
2 3 85 0.000 
2 3 86 0.000 
2 3 87 0.000 
2 3 88 0.000 
2 3 89 0.000 
2 3 90 0.488 
2 3 91 1.902 
2 3 92 1.930 
2 3 93 2.014 
2 3 94 2.692 
2 3 95 2.270 
2 3 96 0.725 
2 3 97 0.000 
2 3 98 0.000 
2 3 99 0.000 
2 3 100 0.000 
2 3 101 0.000 
2 3 102 0.867 
2 3 103 1.028 
2 3 104 1.391 
2 3 105 3.292 
2 3 106 2.961 
2 3 107 1.330 
2 3 108 2.933 
2 3 109 0.000 
2 3 110 0.000 
2 3 111 0.000 
2 3 112 0.000 
2 3 113 0.000 
2 3 114 1.411 
2 3 115 1.092 
2 3 116 0.838 
2 3 117 2.406 
2 3 118 2.165 
2 3 119 2.449 
2 3 120 0.625 
2 3 121 0.000 
2 3 122 0.000 
2 3 123 0.000 
2 3 124 0.000 
2 3 125 0.000 
2 3 126 0.518 
2 3 127 1.224 
2 3 128 0.384 
2 3 129 1.837 
2 3 130 1.120 
2 3 131 2.215 
2 3 132 8.000 
2 3 133 0.000 
2 3 134 0.000 
2 3 135 0.000 
2 3 136 0.000 
2 3 137 0.000 
2 3 138 0.069 
2 3 139 0.991 
2 3 140 0.825 
2 3 141 1.717 
2 3 142 1.801 
2 3 143 1.241 
2 3 144 1.050 
2 3 145 0.000 
2 3 146 0.000 
2 3 147 0.000 
2 3 148 0.000 
2 3 149 0.000 
2 3 150 0.578 
2 3 151 1.176 
2 3 152 1.387 
2 3 153 2.543 
2 3 154 1.330 
2 3 155 1.000 
2 3 156 3.072 
2 3 157 0.000 
2 3 158 0.000 
2 3 159 0.000 
2 3 160 0.000 
2 3 161 0.000 
2 3 162 0.960 
2 3 163 1.014 
2 3 164 0.704 
2 3 165 2.209 
2 3 166 3.008 
2 3 167 2.279 
2 3 168 1.545 
2 3 169 0.000 
2 3 170 0.000 
2 3 171 0.000 
2 3 172 0.000 
2 3 173 0.000 
2 3 174 0.806 
2 3 175 2.804 
2 3 176 1.006 
2 3 177 2.634 
2 3 178 1.358 
2 3 179 1.000 
2 3 180 1.619 
2 3 181 0.000 
2 3 182 0.000 
2 3 183 0.000 
2 3 184 0.000 
2 3 185 0.000 
2 3 186 0.500 
2 3 187 0.921 
2 3 188 1.531 
2 3 189 3.183 
2 3 190 2.110 
2 3 191 0.855 
2 3 192 0.601 
2 3 193 0.000 
2 3 194 0.000 
2 3 195 0.000 
2 3 196 0.000 
2 3 197 0.000 
2 3 198 1.000 
2 3 199 2.297 
2 3 200 2.075 
2 3 201 2.410 
2 3 202 2.119 
2 3 203 2.500 
2 3 204 1.000 
2 3 205 0.759 
2 3 206 1.076 
2 3 207 0.664 
2 3 208 1.277 
2 3 209 1.000 
2 3 210 1.000 
2 3 211 1.805 
2 3 212 2.030 
2 3 213 2.963 
2 3 214 2.349 
2 3 215 1.424 
2 3 216 0.827 
2 3 217 1.069 
2 3 218 1.157 
2 3 219 1.625 
2 3 220 1.366 
2 3 221 2.796 
2 3 222 0.800 
2 3 223 1.122 
2 3 224 1.907 
2 3 225 3.820 
2 3 226 4.049 
2 3 227 3.481 
2 3 228 3.071 
2 3 229 1.096 
2 3 230 0.478 
2 3 231 1.935 
2 3 232 1.350 
2 3 233 1.958 
2 3 234 2.081 
2 3 235 1.293 
2 3 236 2.401 
2 3 237 2.174 
2 3 238 1.556 
2 3 239 2.364 
2 3 240 0.687 
2 3 241 1.833 
2 3 242 1.997 
2 3 243 0.900 
2 3 244 0.994 
2 3 245 1.984 
2 3 246 2.931 
2 3 247 1.607 
2 3 248 1.284 
2 3 249 1.335 
2 3 250 1.730 
2 3 251 3.479 
2 3 252 1.580 
2 3 253 1.884 
2 3 254 3.173 
2 3 255 2.089 
2 3 256 3.241 
2 3 257 1.000 
2 3 258 1.499 
2 3 259 2.735 
2 3 260 9.488 
2 3 261 2.046 
2 3 262 3.147 
2 3 263 2.134 
2 3 264 1.948 
2 3 265 1.710 
2 3 266 2.773 
2 3 267 1.874 
2 3 268 1.576 
2 3 269 1.100 
2 3 270 1.699 
2 3 271 1.302 
2 3 272 4.398 
2 3 273 0.742 
2 3 274 2.888 
2 3 275 1.290 
2 3 276 1.049 
2 3 277 1.502 
2 3 278 1.508 
2 3 279 1.080 
2 3 280 1.661 
2 3 281 2.943 
2 3 282 1.675 
2 3 283 1.000 
2 3 284 3.306 
2 3 285 1.068 
2 3 286 1.135 
2 3 287 1.000 
2 3 288 0.400 
2 4 1 1.319 
2 4 2 1.651 
2 4 3 0.936 
2 4 4 1.173 
2 4 5 1.257 
2 4 6 1.150 
2 4 7 1.000 
2 4 8 4.010 
2 4 9 1.000 
2 4 10 1.000 
2 4 11 2.400 
2 4 12 0.100 
2 4 13 1.784 
2 4 14 2.857 
2 4 15 1.838 
2 4 16 2.077 
2 4 17 2.222 
2 4 18 5.088 
2 4 19 2.025 
2 4 20 3.050 
2 4 21 1.738 
2 4 22 2.584 
2 4 23 2.460 
2 4 24 0.400 
2 4 25 1.000 
2 4 26 2.519 
2 4 27 4.036 
2 4 28 1.537 
2 4 29 1.000 
2 4 30 1.000 
2 4 31 1.000 
2 4 32 1.000 
2 4 33 1.000 
2 4 34 1.000 
2 4 35 1.000 
2 4 36 1.000 
2 4 37 1.000 
2 4 38 2.395 
2 4 39 4.581 
2 4 40 2.908 
2 4 41 0.950 
2 4 42 1.947 
2 4 43 2.801 
2 4 44 2.630 
2 4 45 2.606 
2 4 46 3.806 
2 4 47 3.180 
2 4 48 2.674 
2 4 49 1.160 
2 4 50 1.879 
2 4 51 5.536 
2 4 52 2.032 
2 4 53 0.872 
2 4 54 2.604 
2 4 55 1.692 
2 4 56 2.829 
2 4 57 2.104 
2 4 58 1.000 
2 4 59 2.749 
2 4 60 2.833 
2 4 61 1.134 
2 4 62 0.800 
2 4 63 1.123 
2 4 64 0.974 
2 4 65 1.000 
2 4 66 1.000 
2 4 67 1.000 
2 4 68 1.000 
2 4 69 1.000 
2 4 70 1.000 
2 4 71 1.000 
2 4 72 1.000 
2 4 73 0.789 
2 4 74 0.741 
2 4 75 1.007 
2 4 76 0.544 
2 4 77 1.205 
2 4 78 1.000 
2 4 79 1.896 
2 4 80 3.000 
2 4 81 2.449 
2 4 82 2.122 
2 4 83 0.900 
2 4 84 3.330 
2 4 85 0.000 
2 4 86 0.000 
2 4 87 0.000 
2 4 88 0.000 
2 4 89 0.000 
2 4 90 0.817 
2 4 91 1.433 
2 4 92 2.723 
2 4 93 1.609 
2 4 94 2.379 
2 4 95 2.099 
2 4 96 1.775 
2 4 97 0.000 
2 4 98 0.000 
2 4 99 0.000 
2 4 100 0.000 
2 4 101 0.000 
2 4 102 0.860 
2 4 103 0.927 
2 4 104 8.247 
2 4 105 0.695 
2 4 106 2.539 
2 4 107 1.650 
2 4 108 0.859 
2 4 109 0.000 
2 4 110 0.000 
2 4 111 0.000 
2 4 112 0.000 
2 4 113 0.000 
2 4 114 0.788 
2 4 115 1.034 
2 4 116 4.625 
2 4 117 2.801 
2 4 118 3.011 
2 4 119 2.952 
2 4 120 1.500 
2 4 121 0.000 
2 4 122 0.000 
2 4 123 0.000 
2 4 124 0.000 
2 4 125 0.000 
2 4 126 0.894 
2 4 127 0.957 
2 4 128 2.386 
2 4 129 2.055 
2 4 130 1.277 
2 4 131 1.644 
2 4 132 1.213 
2 4 133 0.000 
2 4 134 0.000 
2 4 135 0.000 
2 4 136 0.000 
2 4 137 0.000 
2 4 138 0.885 
2 4 139 1.120 
2 4 140 2.237 
2 4 141 1.874 
2 4 142 1.698 
2 4 143 2.373 
2 4 144 1.008 
2 4 145 0.000 
2 4 146 0.000 
2 4 147 0.000 
2 4 148 0.000 
2 4 149 0.000 
2 4 150 1.150 
2 4 151 1.031 
2 4 152 1.800 
2 4 153 3.025 
2 4 154 3.716 
2 4 155 2.056 
2 4 156 1.779 
2 4 157 0.000 
2 4 158 0.000 
2 4 159 0.000 
2 4 160 0.000 
2 4 161 0.000 
2 4 162 1.524 
2 4 163 0.738 
2 4 164 2.643 
2 4 165 1.233 
2 4 166 1.366 
2 4 167 2.572 
2 4 168 2.919 
2 4 169 0.000 
2 4 170 0.000 
2 4 171 0.000 
2 4 172 0.000 
2 4 173 0.000 
2 4 174 0.934 
2 4 175 1.874 
2 4 176 4.240 
2 4 177 2.120 
2 4 178 2.251 
2 4 179 2.640 
2 4 180 3.034 
2 4 181 0.000 
2 4 182 0.000 
2 4 183 0.000 
2 4 184 0.000 
2 4 185 0.000 
2 4 186 0.746 
2 4 187 1.288 
2 4 188 2.103 
2 4 189 4.254 
2 4 190 2.424 
2 4 191 2.195 
2 4 192 0.980 
2 4 193 0.000 
2 4 194 0.000 
2 4 195 0.000 
2 4 196 0.000 
2 4 197 0.000 
2 4 198 1.000 
2 4 199 2.168 
2 4 200 1.764 
2 4 201 1.274 
2 4 202 1.813 
2 4 203 1.160 
2 4 204 3.123 
2 4 205 1.000 
2 4 206 0.824 
2 4 207 0.513 
2 4 208 0.737 
2 4 209 6.152 
2 4 210 2.300 
2 4 211 1.000 
2 4 212 1.766 
2 4 213 2.550 
2 4 214 2.205 
2 4 215 2.929 
2 4 216 0.595 
2 4 217 0.590 
2 4 218 1.100 
2 4 219 1.150 
2 4 220 1.316 
2 4 221 3.000 
2 4 222 3.000 
2 4 223 1.041 
2 4 224 1.870 
2 4 225 0.986 
2 4 226 2.155 
2 4 227 4.098 
2 4 228 3.261 
2 4 229 1.000 
2 4 230 2.330 
2 4 231 1.826 
2 4 232 3.000 
2 4 233 3.000 
2 4 234 0.881 
2 4 235 2.000 
2 4 236 1.273 
2 4 237 1.000 
2 4 238 2.965 
2 4 239 3.226 
2 4 240 2.374 
2 4 241 1.000 
2 4 242 1.200 
2 4 243 0.839 
2 4 244 2.343 
2 4 245 7.152 
2 4 246 4.223 
2 4 247 2.297 
2 4 248 2.493 
2 4 249 3.000 
2 4 250 1.664 
2 4 251 1.871 
2 4 252 3.421 
2 4 253 3.204 
2 4 254 1.441 
2 4 255 2.280 
2 4 256 3.707 
2 4 257 2.410 
2 4 258 2.028 
2 4 259 3.716 
2 4 260 4.207 
2 4 261 2.366 
2 4 262 5.206 
2 4 263 1.005 
2 4 264 1.400 
2 4 265 2.000 
2 4 266 1.490 
2 4 267 2.000 
2 4 268 1.600 
2 4 269 2.983 
2 4 270 5.846 
2 4 271 1.936 
2 4 272 3.328 
2 4 273 2.079 
2 4 274 0.756 
2 4 275 0.513 
2 4 276 1.468 
2 4 277 1.757 
2 4 278 2.500 
2 4 279 1.821 
2 4 280 0.880 
2 4 281 1.500 
2 4 282 2.657 
2 4 283 2.400 
2 4 284 2.259 
2 4 285 1.198 
2 4 286 1.000 
2 4 287 2.239 
2 4 288 1.500 
