1 1 0 0 -1515 1.46300
1 2 0 1 -1535 1.06500
1 3 0 2 -1473 1.00000
1 4 0 3 -1495 1.78600
1 5 0 4 -1563 0.84900
1 6 0 5 -1583 0.93100
1 7 0 6 -1491 0.29300
1 8 0 7 -1468 2.55900
1 9 0 8 -1453 1.00000
1 10 0 9 -1472 2.00000
1 18 1 0 -1569 5.20400
1 19 1 1 0 0.00000
1 20 1 2 -1516 2.87700
1 21 1 3 -1429 1.00000
1 22 1 4 -1575 1.75400
1 23 1 5 -1495 0.78500
1 24 1 6 -1428 0.74200
1 25 1 7 -1293 0.33500
1 26 1 8 -1507 2.53000
1 27 1 9 -1589 2.92900
1 28 1 10 -1469 4.88100
1 35 2 0 -1465 1.50100
1 36 2 1 -1396 2.62100
1 37 2 2 -1384 0.65300
1 38 2 3 -1469 3.89100
1 39 2 4 -1551 1.26800
1 40 2 5 -1552 2.24800
1 41 2 6 -1553 0.49600
1 42 2 7 -1484 1.21000
1 43 2 8 -1485 1.34000
1 44 2 9 -1422 1.23600
1 45 2 10 -1507 4.03600
1 46 2 11 -1588 1.42100
1 52 3 0 -1576 1.82300
1 53 3 1 -1384 1.57400
1 54 3 2 -1440 1.83700
1 55 3 3 -1516 1.22000
1 56 3 4 -1388 0.93100
1 57 3 5 -1575 1.93900
1 58 3 6 -1408 1.13800
1 59 3 7 -1528 1.15800
1 60 3 8 -1418 1.07000
1 61 3 9 -1457 1.09000
1 62 3 10 -1497 1.00900
1 63 3 11 -1493 3.73200
1 64 3 12 -1457 0.65600
1 69 4 0 -1509 2.07600
1 70 4 1 -1420 1.19200
1 71 4 2 -1380 1.60500
1 72 4 3 -1375 1.23900
1 73 4 4 -1384 1.00000
1 74 4 5 -1432 0.97200
1 75 4 6 -1357 1.31800
1 76 4 7 -1413 1.49900
1 77 4 8 -1534 1.43400
1 78 4 9 -1528 1.24900
1 79 4 10 -1419 2.55900
1 80 4 11 -1590 1.06700
1 81 4 12 -1426 3.54200
1 82 4 13 -1548 1.08600
1 86 5 0 -1600 1.00000
1 87 5 1 -1412 0.31200
1 88 5 2 -1574 4.05500
1 89 5 3 -1446 1.15200
1 90 5 4 -1572 1.28800
1 91 5 5 -1551 1.09100
1 92 5 6 -1429 1.22400
1 93 5 7 -1483 1.34300
1 94 5 8 -1541 3.56400
1 95 5 9 -1374 0.74500
1 96 5 10 -1445 1.22300
1 97 5 11 -1489 2.68900
1 98 5 12 -1485 1.09100
1 99 5 13 -1446 1.50100
1 100 5 14 -1574 1.05300
1 103 6 0 -1337 0.67500
1 104 6 1 -1537 1.83400
1 105 6 2 -1406 1.26500
1 106 6 3 -1501 0.97500
1 107 6 4 -1518 2.01500
1 108 6 5 -1402 1.00000
1 109 6 6 -1520 1.73400
1 110 6 7 -1290 0.40100
1 111 6 8 -1530 1.71600
1 112 6 9 -1409 0.90100
1 113 6 10 -1548 1.64100
1 114 6 11 -1547 2.71300
1 115 6 12 -1415 0.93300
1 116 6 13 -1576 7.23500
1 117 6 14 -1414 5.15700
1 118 6 15 -1349 1.00000
1 120 7 0 -1574 1.66600
1 121 7 1 -1545 1.44200
1 122 7 2 -1412 2.45400
1 123 7 3 -1471 1.03700
1 124 7 4 -1523 1.89500
1 125 7 5 -1494 2.26700
1 126 7 6 -1487 1.93100
1 127 7 7 -1573 1.13200
1 128 7 8 -1501 1.88900
1 129 7 9 -1579 1.50100
1 130 7 10 -1563 1.27300
1 131 7 11 -1478 0.98100
1 132 7 12 -1378 0.76400
1 133 7 13 -1501 4.17900
1 134 7 14 -1491 5.17500
1 135 7 15 -1486 1.42100
1 136 7 16 -1425 7.50800
1 137 8 0 -1319 0.91600
1 138 8 1 -1595 1.02900
1 139 8 2 -1596 2.13300
1 140 8 3 -1496 1.44600
1 141 8 4 -1514 2.00700
1 142 8 5 -1576 1.27400
1 143 8 6 -1596 2.29700
1 144 8 7 -1598 1.54900
1 145 8 8 -1593 2.39100
1 146 8 9 -1458 1.25000
1 147 8 10 -1549 1.02200
1 148 8 11 -1503 1.70000
1 149 8 12 -1530 1.70400
1 150 8 13 -1362 1.47700
1 151 8 14 -1433 1.50100
1 152 8 15 -1550 4.01300
1 153 8 16 -1442 6.48700
1 162 9 8 -1584 1.46700
1 163 9 9 -1493 7.55400
1 164 9 10 -1423 1.00000
1 165 9 11 -1584 1.78200
1 166 9 12 -1465 1.24100
1 167 9 13 -1430 0.87700
1 168 9 14 -1564 1.65000
1 169 9 15 -1522 6.29700
1 170 9 16 -1429 9.33200
1 179 10 8 -1500 1.11400
1 180 10 9 -1500 1.14066
1 181 10 10 -1553 1.65700
1 182 10 11 -1522 1.24900
1 183 10 12 -1452 1.55700
1 184 10 13 -1586 1.92900
1 185 10 14 -1492 5.22700
1 186 10 15 -1529 1.37700
1 187 10 16 -1517 0.76300
1 196 11 8 -1550 1.93200
1 197 11 9 -1431 1.71800
1 198 11 10 -1491 1.95300
1 199 11 11 -1489 2.47400
1 200 11 12 -1587 1.56700
1 201 11 13 -1342 0.43400
1 202 11 14 -1433 1.04400
1 203 11 15 -1411 1.60300
1 204 11 16 -1454 1.68500
1 213 12 8 -1431 2.36200
1 214 12 9 -1410 3.00600
1 215 12 10 -1567 2.13600
1 216 12 11 -1542 0.65000
1 217 12 12 -1474 2.79800
1 218 12 13 -1509 1.59900
1 219 12 14 -1466 1.38500
1 220 12 15 -1550 1.88100
1 221 12 16 -1438 2.50100
1 230 13 8 -1470 1.59300
1 231 13 9 -1438 1.83300
1 232 13 10 -1557 2.43100
1 233 13 11 -1504 0.84400
1 234 13 12 -1533 3.66800
1 235 13 13 -1538 1.58300
1 236 13 14 -1481 7.15600
1 237 13 15 -1456 1.39800
1 238 13 16 -1340 0.59300
1 247 14 8 -1432 2.33800
1 248 14 9 -1595 1.18200
1 249 14 10 -1389 1.00000
1 250 14 11 -1561 1.93600
1 251 14 12 -1516 1.92100
1 252 14 13 -1370 0.26000
1 253 14 14 -1415 1.07700
1 254 14 15 -1509 3.00000
1 255 14 16 -1488 0.67200
1 264 15 8 -1417 2.11100
1 265 15 9 -1517 2.11100
1 266 15 10 -1541 1.59400
1 267 15 11 -1583 1.07500
1 268 15 12 -1572 0.53900
1 269 15 13 -1250 1.00000
1 270 15 14 -1471 1.99200
1 271 15 15 -1464 2.66400
1 272 15 16 -1430 0.78000
1 281 16 8 -1552 0.39300
1 282 16 9 -1599 2.24600
1 283 16 10 -1446 1.79400
1 284 16 11 -1562 0.60000
1 285 16 12 -1398 0.52400
1 286 16 13 -1432 1.21600
1 287 16 14 -1481 5.28100
1 288 16 15 -1439 1.93500
1 289 16 16 -1466 0.46800
1 298 17 8 -1435 1.49300
1 299 17 9 -1548 1.36100
1 300 17 10 -1516 1.77100
1 301 17 11 -1504 2.10000
1 302 17 12 -1551 1.52000
1 303 17 13 -1562 2.71200
1 304 17 14 -1403 2.37800
1 305 17 15 -1449 1.33100
1 306 17 16 -1429 0.82100
1 315 18 8 -1491 1.48400
1 316 18 9 -1427 0.36400
1 317 18 10 -1383 0.79600
1 318 18 11 -1537 2.97600
1 319 18 12 -1327 0.46900
1 320 18 13 -1520 1.56100
1 321 18 14 -1459 2.44300
1 322 18 15 -1493 6.76000
1 323 18 16 -1519 1.50700
1 332 19 8 -1429 1.98200
1 333 19 9 -1418 1.50100
1 334 19 10 -1534 2.41100
1 335 19 11 -1488 1.83000
1 336 19 12 -1545 1.17100
1 337 19 13 -1478 1.11000
1 338 19 14 -1462 0.95900
1 339 19 15 -1480 1.14600
1 340 19 16 -1513 1.80500
1 349 20 8 -1442 2.50100
1 350 20 9 -1564 2.76000
1 351 20 10 -1578 0.90400
1 352 20 11 -1581 2.70900
1 353 20 12 -1489 1.06200
1 354 20 13 -1512 1.50100
1 355 20 14 -1456 2.04900
1 356 20 15 -1505 0.96400
1 357 20 16 -1427 0.96400
1 366 21 8 -1497 1.50100
1 367 21 9 -1541 1.40900
1 368 21 10 -1530 1.84200
1 369 21 11 -1441 1.03400
1 370 21 12 -1572 1.47700
1 371 21 13 -1477 1.21600
1 372 21 14 -1467 0.82500
1 373 21 15 -1378 0.97900
1 374 21 16 -1418 1.21900
1 383 22 8 -1496 2.85200
1 384 22 9 -1592 0.99700
1 385 22 10 -1567 2.33600
1 386 22 11 -1524 2.34100
1 387 22 12 -1180 0.08000
1 388 22 13 -1537 2.70800
1 389 22 14 -1320 1.15300
1 390 22 15 -1469 2.50100
1 391 22 16 -1536 2.18900
1 400 23 8 -1420 1.99000
1 401 23 9 -1576 1.74300
1 402 23 10 -1418 0.86900
1 403 23 11 -1528 2.50100
1 404 23 12 -1509 3.12900
1 405 23 13 -1486 1.57600
1 406 23 14 -1436 0.76500
1 407 23 15 -1257 0.30300
1 408 23 16 -1453 0.84500
1 417 24 8 -1596 2.05900
1 418 24 9 -1445 1.29300
1 419 24 10 -1443 0.74700
1 420 24 11 -1416 1.51700
1 421 24 12 -1405 0.81900
1 422 24 13 -1492 1.15600
1 423 24 14 -1482 2.79600
1 424 24 15 -1311 0.68100
1 425 24 16 -1486 1.47300
1 426 25 0 -1483 1.18600
1 427 25 1 -1490 1.28100
1 428 25 2 -1591 1.50100
1 429 25 3 -1532 1.40600
1 430 25 4 -1526 0.59700
1 431 25 5 -1473 2.00300
1 432 25 6 -1526 1.50600
1 433 25 7 -1532 1.76700
1 434 25 8 -1563 1.14400
1 435 25 9 -1558 2.62000
1 436 25 10 -1479 1.02000
1 437 25 11 -1515 2.29500
1 438 25 12 -1431 1.52800
1 439 25 13 -1266 0.59500
1 440 25 14 -1429 2.02900
1 441 25 15 -1493 2.12800
1 442 25 16 -1412 2.12400
1 443 26 0 -1571 1.82600
1 444 26 1 -1585 3.54600
1 445 26 2 -1591 1.32400
1 446 26 3 -1521 1.34300
1 447 26 4 -1484 1.14000
1 448 26 5 -1502 3.60800
1 449 26 6 -1560 2.18200
1 450 26 7 -1469 0.80000
1 451 26 8 -1545 2.50100
1 452 26 9 -1287 0.77200
1 453 26 10 -1439 0.93700
1 454 26 11 -1403 1.26400
1 455 26 12 -1487 1.28000
1 456 26 13 -1187 0.23500
1 457 26 14 -1285 0.64500
1 458 26 15 -1407 5.09000
1 459 26 16 -1520 2.43300
1 460 27 0 -1579 1.45200
1 461 27 1 -1591 0.93300
1 462 27 2 -1568 1.01400
1 463 27 3 -1501 1.46900
1 464 27 4 -1566 3.45700
1 465 27 5 -1527 1.52100
1 466 27 6 -1473 0.91400
1 467 27 7 -1422 1.73200
1 468 27 8 -1449 1.50100
1 469 27 9 -1427 1.14400
1 470 27 10 -1448 1.24000
1 471 27 11 -1341 1.71200
1 472 27 12 -1251 0.85000
1 473 27 13 -1385 3.80500
1 474 27 14 -1344 3.70900
1 475 27 15 -1240 2.38400
1 477 28 0 -1528 2.83600
1 478 28 1 -1437 2.17900
1 479 28 2 -1426 1.56200
1 480 28 3 -1383 0.80800
1 481 28 4 -1452 1.71700
1 482 28 5 -1388 1.00400
1 483 28 6 -1463 3.31500
1 484 28 7 -1460 1.38500
1 485 28 8 -1302 1.18800
1 486 28 9 -1347 0.89400
1 487 28 10 -1328 1.31200
1 488 28 11 -1316 1.29800
1 489 28 12 -1245 1.67200
1 490 28 13 -1239 0.94800
1 491 28 14 -1379 4.70800
1 494 29 0 -1411 2.35100
1 495 29 1 -1383 1.36400
1 496 29 2 -1360 1.40000
1 497 29 3 -1336 1.12000
1 498 29 4 -1393 2.90500
1 499 29 5 -1350 0.84800
1 500 29 6 -1305 2.50100
1 501 29 7 -1323 1.13000
1 502 29 8 -1304 1.42400
1 503 29 9 -1316 0.79700
1 504 29 10 -1286 0.75000
1 505 29 11 -1335 0.99100
1 506 29 12 -1214 0.58600
1 507 29 13 -1596 0.86300
1 511 30 0 -1490 1.96300
1 512 30 1 -1419 1.76600
1 513 30 2 -1583 1.85400
1 514 30 3 -1459 2.42600
1 515 30 4 -1367 3.54700
1 516 30 5 -1372 1.28100
1 517 30 6 -1314 1.34700
1 518 30 7 -1307 1.74400
1 519 30 8 -1273 1.29800
1 520 30 9 -1225 1.06900
1 521 30 10 -1196 1.75800
1 522 30 11 -1167 0.56500
1 523 30 12 -1305 3.75600
1 528 31 0 -1293 0.63400
1 529 31 1 -1290 1.67200
1 530 31 2 -1410 2.47600
1 531 31 3 -1309 0.78600
1 532 31 4 -1312 2.62600
1 533 31 5 -1256 1.22300
1 534 31 6 -1216 0.98500
1 535 31 7 -1230 1.25400
1 536 31 8 -1235 0.60400
1 537 31 9 -1273 0.67800
1 538 31 10 -1174 0.82700
1 539 31 11 -1160 0.88800
1 545 32 0 -1340 1.93400
1 546 32 1 -1296 0.66600
1 547 32 2 -1314 1.04800
1 548 32 3 -1389 4.19300
1 549 32 4 -1291 2.77400
1 550 32 5 -1368 1.50500
1 551 32 6 -1208 1.14200
1 552 32 7 -1196 1.67300
1 553 32 8 -1272 1.65100
1 554 32 9 -1268 1.73200
1 555 32 10 -1133 5.53100
1 562 33 0 -1417 0.85200
1 563 33 1 -1501 2.62500
1 564 33 2 -1431 3.47600
1 565 33 3 -1234 0.97600
1 566 33 4 -1001 1.00000
1 567 33 5 -1279 1.00000
1 568 33 6 -1376 2.64100
1 569 33 7 -1158 0.99600
1 570 33 8 -1194 0.64600
1 571 33 9 -1449 4.65200
2 1 0 0 -1530 0.80000
2 2 0 1 -1491 3.32900
2 3 0 2 -1595 1.82500
2 4 0 3 -1579 2.00000
2 5 0 4 -1548 1.30000
2 6 0 5 -1443 3.40600
2 7 0 6 -1499 0.61100
2 8 0 7 -1454 0.97000
2 9 0 8 -1523 1.12100
2 10 0 9 -1488 0.76000
2 18 1 0 -1390 0.80100
2 19 1 1 -1415 2.50700
2 20 1 2 -1494 1.17100
2 21 1 3 -1421 0.69900
2 22 1 4 -1555 1.98100
2 23 1 5 -1437 1.00600
2 24 1 6 -1508 1.66000
2 25 1 7 -1425 0.69000
2 26 1 8 -1514 1.20400
2 27 1 9 -1407 1.26500
2 28 1 10 -1556 2.74200
2 35 2 0 -1480 1.00000
2 36 2 1 -1395 1.83300
2 37 2 2 -1365 1.35400
2 38 2 3 -1362 1.40000
2 39 2 4 -1537 5.00000
2 40 2 5 -1498 1.26300
2 41 2 6 -1537 0.79200
2 42 2 7 -1417 0.88700
2 43 2 8 -1516 0.77300
2 44 2 9 -1557 2.41300
2 45 2 10 -1369 0.69500
2 46 2 11 -1467 3.11800
2 52 3 0 -1432 1.34200
2 53 3 1 -1396 1.39900
2 54 3 2 -1362 1.60400
2 55 3 3 -1463 1.08100
2 56 3 4 -1493 0.80000
2 57 3 5 -1573 1.23800
2 58 3 6 -1435 0.83600
2 59 3 7 -1463 1.25000
2 60 3 8 -1564 1.46100
2 61 3 9 -1458 0.65500
2 62 3 10 -1440 1.29000
2 63 3 11 -1374 0.72800
2 64 3 12 -1569 0.94100
2 69 4 0 -1524 1.45000
2 70 4 1 -1507 1.63800
2 71 4 2 -1332 0.89700
2 72 4 3 -1339 1.06300
2 73 4 4 -1510 5.00000
2 74 4 5 -1426 0.67900
2 75 4 6 -1477 1.22000
2 76 4 7 -1463 0.48900
2 77 4 8 -1426 0.63600
2 78 4 9 -1519 1.50100
2 79 4 10 -1485 6.73100
2 80 4 11 -1411 0.29400
2 81 4 12 -1500 1.65831
2 82 4 13 -1500 3.03301
2 86 5 0 -1525 1.39700
2 87 5 1 -1503 2.23900
2 88 5 2 -1505 1.93200
2 89 5 3 -1346 1.51100
2 90 5 4 -1314 1.32000
2 91 5 5 -1382 1.43000
2 92 5 6 -1418 0.45200
2 93 5 7 -1585 2.50100
2 94 5 8 -1551 1.54200
2 95 5 9 -1421 1.17600
2 96 5 10 -1472 0.34700
2 97 5 11 -1518 1.26400
2 98 5 12 -1488 1.83700
2 99 5 13 -1526 3.66400
2 100 5 14 -1350 0.74400
2 103 6 0 -1395 1.21000
2 104 6 1 -1312 0.95700
2 105 6 2 -1485 1.16700
2 106 6 3 -1477 0.86400
2 107 6 4 -1313 1.25900
2 108 6 5 -1546 0.97300
2 109 6 6 -1447 0.69000
2 110 6 7 -1592 1.13100
2 111 6 8 -1505 0.95600
2 112 6 9 -1450 1.00000
2 113 6 10 -1523 1.74600
2 114 6 11 -1579 1.06800
2 115 6 12 -1424 1.87000
2 116 6 13 -1343 1.55100
2 117 6 14 -1509 2.51000
2 118 6 15 -1467 1.72000
2 120 7 0 -1525 1.30200
2 121 7 1 -1522 1.78100
2 122 7 2 -1424 2.18000
2 123 7 3 -1559 1.39700
2 124 7 4 -1552 1.68900
2 125 7 5 -1402 1.66600
2 126 7 6 -1544 1.54700
2 127 7 7 -1498 1.47000
2 128 7 8 -1490 1.15600
2 129 7 9 -1452 1.40600
2 130 7 10 -1542 0.74700
2 131 7 11 -1586 1.50100
2 132 7 12 -1354 0.38800
2 133 7 13 -1535 0.76300
2 134 7 14 -1524 2.21200
2 135 7 15 -1404 0.95100
2 136 7 16 -1483 4.37200
2 137 8 0 -1589 1.87900
2 138 8 1 -1539 0.87400
2 139 8 2 -1409 0.87600
2 140 8 3 -1440 1.55200
2 141 8 4 -1590 1.29300
2 142 8 5 -1531 1.28500
2 143 8 6 -1567 1.20000
2 144 8 7 -1515 0.74000
2 145 8 8 -1281 1.14200
2 146 8 9 -1389 0.78300
2 147 8 10 -1566 2.67100
2 148 8 11 -1497 0.86300
2 149 8 12 -1491 1.44400
2 150 8 13 -1479 2.00000
2 151 8 14 -1397 0.30100
2 152 8 15 -1445 7.40800
2 153 8 16 -1536 0.81500
2 162 9 8 -1546 0.93800
2 163 9 9 -1496 0.65800
2 164 9 10 -1417 1.45400
2 165 9 11 -1533 0.30600
2 166 9 12 -1526 1.14000
2 167 9 13 -1549 1.22000
2 168 9 14 -1412 0.71500
2 169 9 15 -1502 1.00000
2 170 9 16 -1518 0.71000
2 179 10 8 -1438 1.32600
2 180 10 9 -1427 1.77700
2 181 10 10 -1421 1.50100
2 182 10 11 -1412 2.78200
2 183 10 12 -1520 1.22600
2 184 10 13 -1557 1.55400
2 185 10 14 -1494 0.47700
2 186 10 15 -1575 6.66600
2 187 10 16 -1542 1.07900
2 196 11 8 -1409 1.46600
2 197 11 9 -1599 1.51300
2 198 11 10 -1468 4.70400
2 199 11 11 -1478 6.52300
2 200 11 12 -1416 2.40000
2 201 11 13 -1458 1.00000
2 202 11 14 -1199 1.00000
2 203 11 15 -1567 4.13300
2 204 11 16 -1561 0.83300
2 213 12 8 -1461 1.52800
2 214 12 9 -1437 1.43800
2 215 12 10 -1497 1.49600
2 216 12 11 -1587 1.38900
2 217 12 12 -1582 1.16700
2 218 12 13 -1438 1.00000
2 219 12 14 -1473 1.50100
2 220 12 15 -1467 1.50100
2 221 12 16 -1425 1.55800
2 230 13 8 -1433 0.94700
2 231 13 9 -1579 0.88400
2 232 13 10 -1466 3.05300
2 233 13 11 -1592 3.49700
2 234 13 12 -1417 1.07100
2 235 13 13 -1502 0.33700
2 236 13 14 -1544 2.91900
2 237 13 15 -1585 1.50100
2 238 13 16 -1410 3.49000
2 247 14 8 -1426 0.91300
2 248 14 9 -1585 1.18600
2 249 14 10 -1418 2.13500
2 250 14 11 -1569 1.42900
2 251 14 12 -1536 1.50100
2 252 14 13 -1502 1.00000
2 253 14 14 -1569 1.31800
2 254 14 15 -1435 1.00000
2 255 14 16 -1488 0.30200
2 264 15 8 -1458 1.50100
2 265 15 9 -1432 2.07900
2 266 15 10 -1462 1.50100
2 267 15 11 -1493 1.00000
2 268 15 12 -1471 2.15500
2 269 15 13 -1446 8.88700
2 270 15 14 -1493 2.48900
2 271 15 15 -1482 3.67900
2 272 15 16 -1565 1.07500
2 281 16 8 -1445 1.14300
2 282 16 9 -1496 0.92300
2 283 16 10 -1570 1.00000
2 284 16 11 -1198 0.66700
2 285 16 12 -1489 8.72200
2 286 16 13 -1478 1.50100
2 287 16 14 -1419 5.88500
2 288 16 15 -1555 2.11800
2 289 16 16 -1490 0.90600
2 298 17 8 -1420 4.35500
2 299 17 9 -1529 1.00000
2 300 17 10 -1565 1.50100
2 301 17 11 -1566 3.25500
2 302 17 12 -1416 7.53800
2 303 17 13 -1502 1.00000
2 304 17 14 -1490 4.58700
2 305 17 15 -1533 1.46300
2 306 17 16 -1588 2.83900
2 315 18 8 -1571 2.61900
2 316 18 9 -1565 3.70000
2 317 18 10 -1515 1.50100
2 318 18 11 -1515 2.18700
2 319 18 12 -1565 1.50100
2 320 18 13 -1500 3.85500
2 321 18 14 -1480 7.06500
2 322 18 15 -1510 3.79900
2 323 18 16 -1478 1.13400
2 332 19 8 -1511 2.00000
2 333 19 9 -1596 3.00000
2 334 19 10 -1566 2.90900
2 335 19 11 -1588 1.76700
2 336 19 12 -1565 1.50100
2 337 19 13 -1528 1.35100
2 338 19 14 -1454 6.20800
2 339 19 15 -1550 3.52700
2 340 19 16 -1555 2.90300
2 349 20 8 -1437 5.00000
2 350 20 9 -1525 2.00000
2 351 20 10 -1558 2.50000
2 352 20 11 -1553 1.00000
2 353 20 12 -1479 1.00000
2 354 20 13 -1489 1.40000
2 355 20 14 -1409 1.00000
2 356 20 15 -1384 1.00000
2 357 20 16 -1537 3.03700
2 366 21 8 -1576 1.50100
2 367 21 9 -1589 2.22400
2 368 21 10 -1433 4.81700
2 369 21 11 -1536 2.50100
2 370 21 12 -1500 2.34600
2 371 21 13 -1598 4.19800
2 372 21 14 -1421 1.00000
2 373 21 15 -1546 3.54800
2 374 21 16 -1498 2.50100
2 383 22 8 -1500 1.00000
2 384 22 9 -1508 2.56300
2 385 22 10 -1548 3.33600
2 386 22 11 -1512 3.42700
2 387 22 12 -1577 2.40000
2 388 22 13 -1514 2.97600
2 389 22 14 -1505 2.16700
2 390 22 15 -1580 2.50100
2 391 22 16 -1492 4.60600
2 400 23 8 -1565 3.00000
2 401 23 9 -1462 5.27900
2 402 23 10 -1528 3.00600
2 403 23 11 -1446 1.00000
2 404 23 12 -1538 2.76200
2 405 23 13 -1412 1.00000
2 406 23 14 -1533 3.12100
2 407 23 15 -1544 2.43400
2 408 23 16 -1569 2.08700
2 417 24 8 -1599 2.00000
2 418 24 9 -1533 2.00000
2 419 24 10 -1551 2.00000
2 420 24 11 -1593 3.66600
2 421 24 12 -1565 1.50100
2 422 24 13 -1410 1.00000
2 423 24 14 -1489 1.04600
2 424 24 15 -1531 4.63000
2 425 24 16 -1510 1.00000
2 426 25 0 -1529 2.00000
2 427 25 1 -1481 4.10000
2 428 25 2 -1590 2.80000
2 429 25 3 -1578 2.50100
2 430 25 4 -1575 3.20000
2 431 25 5 -1490 2.41800
2 432 25 6 -1516 2.13900
2 433 25 7 -1522 3.40600
2 434 25 8 -1505 2.57300
2 435 25 9 -1531 4.33100
2 436 25 10 -1493 2.88700
2 437 25 11 -1492 3.24500
2 438 25 12 -1443 1.00000
2 439 25 13 -1510 2.11200
2 440 25 14 -1411 0.94000
2 441 25 15 -1499 5.92500
2 442 25 16 -1573 2.84300
2 443 26 0 -1494 2.00000
2 444 26 1 -1591 3.00000
2 445 26 2 -1557 1.50100
2 446 26 3 -1576 2.50000
2 447 26 4 -1543 1.50000
2 448 26 5 -1588 2.50100
2 449 26 6 -1432 7.24400
2 450 26 7 -1521 1.98300
2 451 26 8 -1559 1.48700
2 452 26 9 -1600 1.00000
2 453 26 10 -1556 4.10000
2 454 26 11 -1565 1.55800
2 455 26 12 -1543 1.79700
2 456 26 13 -1378 0.75400
2 457 26 14 -1561 4.11900
2 458 26 15 -1573 4.77600
2 459 26 16 -1493 3.03100
2 460 27 0 -1587 1.70000
2 461 27 1 -1410 4.55000
2 462 27 2 -1573 3.99600
2 463 27 3 -1529 1.66000
2 464 27 4 -1530 3.36000
2 465 27 5 -1496 1.21200
2 466 27 6 -1570 1.83900
2 467 27 7 -1510 2.87100
2 468 27 8 -1570 2.42700
2 469 27 9 -1489 1.00000
2 470 27 10 -1556 3.17800
2 471 27 11 -1475 1.27200
2 472 27 12 -1339 0.90600
2 473 27 13 -1554 2.50700
2 474 27 14 -1490 1.36300
2 475 27 15 -1395 3.43000
2 477 28 0 -1546 5.25400
2 478 28 1 -1501 2.47700
2 479 28 2 -1549 4.30400
2 480 28 3 -1542 2.50100
2 481 28 4 -1584 5.57100
2 482 28 5 -1389 0.99600
2 483 28 6 -1490 1.55900
2 484 28 7 -1565 1.50100
2 485 28 8 -1483 1.20100
2 486 28 9 -1462 1.00500
2 487 28 10 -1313 0.72100
2 488 28 11 -1550 1.50100
2 489 28 12 -1277 0.65700
2 490 28 13 -1450 1.21000
2 491 28 14 -1500 2.69100
2 494 29 0 -1444 1.40200
2 495 29 1 -1441 1.60100
2 496 29 2 -1468 1.38200
2 497 29 3 -1363 3.90700
2 498 29 4 -1419 2.07600
2 499 29 5 -1448 1.57000
2 500 29 6 -1396 3.30400
2 501 29 7 -1453 4.67100
2 502 29 8 -1558 2.50100
2 503 29 9 -1403 0.87500
2 504 29 10 -1502 1.00000
2 505 29 11 -1364 2.12300
2 506 29 12 -1203 0.80000
2 507 29 13 -1232 0.80000
2 511 30 0 -1380 0.92600
2 512 30 1 -1436 1.62300
2 513 30 2 -1459 1.18500
2 514 30 3 -1444 1.17600
2 515 30 4 -1405 1.30900
2 516 30 5 -1508 1.55700
2 517 30 6 -1436 1.04900
2 518 30 7 -1308 1.08800
2 519 30 8 -1340 1.01400
2 520 30 9 -1331 1.15300
2 521 30 10 -1318 2.89800
2 522 30 11 -1276 1.24500
2 523 30 12 -1395 2.78100
2 528 31 0 -1370 0.88200
2 529 31 1 -1370 1.33300
2 530 31 2 -1327 2.53900
2 531 31 3 -1328 0.67800
2 532 31 4 -1315 2.55400
2 533 31 5 -1347 0.85300
2 534 31 6 -1281 0.71900
2 535 31 7 -1391 1.00000
2 536 31 8 -1377 1.00400
2 537 31 9 -1343 2.20700
2 538 31 10 -1314 6.84700
2 539 31 11 -1220 1.26000
2 545 32 0 -1361 1.01600
2 546 32 1 -1289 1.54600
2 547 32 2 -1285 0.82400
2 548 32 3 -1312 1.25800
2 549 32 4 -1264 0.90700
2 550 32 5 -1235 1.31500
2 551 32 6 -1365 4.07200
2 552 32 7 -1244 2.50100
2 553 32 8 -1179 1.68500
2 554 32 9 -1038 1.05300
2 555 32 10 -1257 4.42800
2 562 33 0 -1350 2.44900
2 563 33 1 -1268 0.77800
2 564 33 2 -1525 2.91100
2 565 33 3 -1267 3.04200
2 566 33 4 -1443 3.64000
2 567 33 5 -1207 0.69500
2 568 33 6 -1354 1.52500
2 569 33 7 -1269 1.78100
2 570 33 8 -1183 2.50100
2 571 33 9 -1242 1.81300
