3 1 0 0 1D 1.28900
3 2 0 1 83 0.88800
3 3 0 2 22 0.60500
3 4 0 3 DD 2.95900
3 5 0 4 97 1.95800
3 6 0 5 93 0.50000
3 7 0 6 8E 0.26900
3 8 0 7 F1 2.12800
3 9 0 8 C0 1.19800
3 10 0 9 B3 1.27600
3 11 0 10 CF 1.30000
3 12 0 11 EC 1.00000
3 13 1 0 BA 1.45100
3 14 1 1 39 2.21500
3 15 1 2 8F 2.46700
3 16 1 3 90 2.53500
3 17 1 4 83 1.56600
3 18 1 5 D3 6.78300
3 19 1 6 45 1.45600
3 20 1 7 BC 2.13800
3 21 1 8 B5 1.59800
3 22 1 9 A7 1.27900
3 23 1 10 DA 2.49900
3 24 1 11 BF 1.79000
3 25 2 0 3E 1.79200
3 26 2 1 85 2.40100
3 27 2 2 D7 2.68200
3 28 2 3 F6 1.38800
3 29 2 4 43 1.00000
3 30 2 5 A3 2.16600
3 31 2 6 79 2.41100
3 32 2 7 8C 1.12600
3 33 2 8 DD 3.56100
3 34 2 9 9C 2.01600
3 35 2 10 9E 8.96000
3 36 2 11 FF 3.39900
3 37 3 0 BC 2.02100
3 38 3 1 CE 2.12800
3 39 3 2 1E 1.25500
3 40 3 3 46 0.99700
3 41 3 4 A 1.00000
3 42 3 5 1A 0.66900
3 43 3 6 8F 4.03000
3 44 3 7 8D 1.56100
3 45 3 8 AD 1.54100
3 46 3 9 C3 2.93300
3 47 3 10 C3 2.99800
3 48 3 11 A1 0.46200
3 49 4 0 5 0.74100
3 50 4 1 2F 1.23500
3 51 4 2 38 0.73400
3 52 4 3 35 1.09800
3 53 4 4 FB 0.93400
3 54 4 5 48 1.10000
3 55 4 6 98 1.36700
3 56 4 7 9B 1.87000
3 57 4 8 D3 3.38200
3 58 4 9 C0 3.86800
3 59 4 10 DF 3.70700
3 60 4 11 E0 1.39000
3 61 5 0 1D 1.18800
3 62 5 1 1F 0.93600
3 63 5 2 77 1.32400
3 64 5 3 2D 0.82900
3 65 5 4 34 0.98100
3 66 5 5 42 1.75500
3 67 5 6 55 1.05000
3 68 5 7 60 1.41200
3 69 5 8 6A 1.09900
3 70 5 9 74 1.02000
3 71 5 10 CB 1.90800
3 72 5 11 B4 3.23500
3 73 6 0 6E 0.73300
3 74 6 1 19 0.74600
3 75 6 2 D 1.30100
3 76 6 3 36 0.55800
3 77 6 4 3D 1.00000
3 78 6 5 4A 0.69600
3 79 6 6 15 1.00000
3 80 6 7 EF 2.14100
3 81 6 8 E2 7.05400
3 82 6 9 9D 2.21300
3 83 6 10 B8 2.29000
3 84 6 11 C1 2.13000
3 90 7 5 D3 0.48800
3 91 7 6 D 1.90200
3 92 7 7 7A 1.93000
3 93 7 8 B1 2.01400
3 94 7 9 B8 2.69200
3 95 7 10 B6 2.27000
3 96 7 11 CD 0.72500
3 102 8 5 9D 0.86700
3 103 8 6 A2 1.02800
3 104 8 7 E8 1.39100
3 105 8 8 CE 3.29200
3 106 8 9 B0 2.96100
3 107 8 10 FD 1.33000
3 108 8 11 E2 2.93300
3 114 9 5 8B 1.41100
3 115 9 6 CC 1.09200
3 116 9 7 83 0.83800
3 117 9 8 E4 2.40600
3 118 9 9 BA 2.16500
3 119 9 10 D3 2.44900
3 120 9 11 E0 0.62500
3 126 10 5 25 0.51800
3 127 10 6 4E 1.22400
3 128 10 7 1B 0.38400
3 129 10 8 7F 1.83700
3 130 10 9 CA 1.12000
3 131 10 10 63 2.21500
3 132 10 11 AD 1.00000
3 138 11 5 1F 0.06900
3 139 11 6 BF 0.99100
3 140 11 7 94 0.82500
3 141 11 8 D7 1.71700
3 142 11 9 93 1.80100
3 143 11 10 CD 1.24100
3 144 11 11 A6 1.05000
3 150 12 5 90 0.57800
3 151 12 6 C7 1.17600
3 152 12 7 8C 1.38700
3 153 12 8 BE 2.54300
3 154 12 9 E5 1.33000
3 155 12 10 D7 1.00000
3 156 12 11 FD 3.07200
3 162 13 5 FA 0.96000
3 163 13 6 59 1.01400
3 164 13 7 6D 0.70400
3 165 13 8 D2 2.20900
3 166 13 9 EA 3.00800
3 167 13 10 61 2.27900
3 168 13 11 5D 1.54500
3 174 14 5 B7 0.80600
3 175 14 6 CF 2.80400
3 176 14 7 8F 1.00600
3 177 14 8 C6 2.63400
3 178 14 9 DE 1.35800
3 179 14 10 DA 1.00000
3 180 14 11 DA 1.61900
3 186 15 5 F6 0.50000
3 187 15 6 E1 0.92100
3 188 15 7 E5 1.53100
3 189 15 8 C5 3.18300
3 190 15 9 9B 2.11000
3 191 15 10 3D 0.85500
3 192 15 11 4F 0.60100
3 198 16 5 FF 1.00000
3 199 16 6 F9 2.29700
3 200 16 7 BE 2.07500
3 201 16 8 AB 2.41000
3 202 16 9 C9 2.11900
3 203 16 10 8C 2.50000
3 204 16 11 DD 1.00000
3 205 17 0 F0 0.75900
3 206 17 1 FB 1.07600
3 207 17 2 EA 0.66400
3 208 17 3 F1 1.27700
3 209 17 4 FF 1.00000
3 210 17 5 FF 1.00000
3 211 17 6 DA 1.80500
3 212 17 7 D5 2.03000
3 213 17 8 ED 2.96300
3 214 17 9 BF 2.34900
3 215 17 10 CD 1.42400
3 216 17 11 B8 0.82700
3 217 18 0 F4 1.06900
3 218 18 1 E6 1.15700
3 219 18 2 D9 1.62500
3 220 18 3 FE 1.36600
3 221 18 4 F2 2.79600
3 222 18 5 F1 0.80000
3 223 18 6 E8 1.12200
3 224 18 7 D0 1.90700
3 225 18 8 E5 3.82000
3 226 18 9 DB 4.04900
3 227 18 10 C4 3.48100
3 228 18 11 C0 3.07100
3 229 19 0 DA 1.09600
3 230 19 1 D6 0.47800
3 231 19 2 F0 1.93500
3 232 19 3 E4 1.35000
3 233 19 4 E7 1.95800
3 234 19 5 FA 2.08100
3 235 19 6 C1 1.29300
3 236 19 7 F1 2.40100
3 237 19 8 DE 2.17400
3 238 19 9 B1 1.55600
3 239 19 10 D6 2.36400
3 240 19 11 67 0.68700
3 241 20 0 D1 1.83300
3 242 20 1 D7 1.99700
3 243 20 2 DA 0.90000
3 244 20 3 EA 0.99400
3 245 20 4 E2 1.98400
3 246 20 5 FE 2.93100
3 247 20 6 C0 1.60700
3 248 20 7 AD 1.28400
3 249 20 8 EE 1.33500
3 250 20 9 E8 1.73000
3 251 20 10 D1 3.47900
3 252 20 11 C5 1.58000
3 253 21 0 D6 1.88400
3 254 21 1 F1 3.17300
3 255 21 2 DB 2.08900
3 256 21 3 D6 3.24100
3 257 21 4 90 1.00000
3 258 21 5 C3 1.49900
3 259 21 6 D8 2.73500
3 260 21 7 F4 9.48800
3 261 21 8 BA 2.04600
3 262 21 9 F0 3.14700
3 263 21 10 D9 2.13400
3 264 21 11 BA 1.94800
3 265 22 0 E2 1.71000
3 266 22 1 E6 2.77300
3 267 22 2 A2 1.87400
3 268 22 3 D1 1.57600
3 269 22 4 C6 1.00000
3 270 22 5 D4 1.69900
3 271 22 6 9E 1.30200
3 272 22 7 F5 4.39800
3 273 22 8 D2 0.74200
3 274 22 9 FA 2.88800
3 275 22 10 D4 1.29000
3 276 22 11 8C 1.04900
3 277 23 0 D1 1.50200
3 278 23 1 DC 1.50800
3 279 23 2 B1 1.08000
3 280 23 3 DF 1.66100
3 281 23 4 D4 2.94300
3 282 23 5 D2 1.67500
3 283 23 6 83 1.00000
3 284 23 7 DD 3.30600
3 285 23 8 DD 1.06800
3 286 23 9 B5 1.13500
3 287 23 10 BB 1.00000
3 288 23 11 8D 0.40000
4 1 0 0 9B 1.31900
4 2 0 1 60 1.65100
4 3 0 2 B4 0.93600
4 4 0 3 50 1.17300
4 5 0 4 CD 1.25700
4 6 0 5 31 1.15000
4 7 0 6 94 1.00000
4 8 0 7 EA 4.01000
4 9 0 8 AA 1.00000
4 10 0 9 C0 1.00000
4 11 0 10 F8 2.40000
4 12 0 11 3A 0.10000
4 13 1 0 65 1.78400
4 14 1 1 A0 2.85700
4 15 1 2 97 1.83800
4 16 1 3 8A 2.07700
4 17 1 4 99 2.22200
4 18 1 5 82 5.08800
4 19 1 6 AC 2.02500
4 20 1 7 D0 3.05000
4 21 1 8 AA 1.73800
4 22 1 9 B5 2.58400
4 23 1 10 D7 2.46000
4 24 1 11 DC 0.40000
4 25 2 0 33 1.00000
4 26 2 1 7C 2.51900
4 27 2 2 8D 4.03600
4 28 2 3 66 1.53700
4 29 2 4 7C 1.00000
4 30 2 5 94 1.00000
4 31 2 6 44 1.00000
4 32 2 7 9C 1.00000
4 33 2 8 81 1.00000
4 34 2 9 98 1.00000
4 35 2 10 B0 1.00000
4 36 2 11 A9 1.00000
4 37 3 0 56 1.00000
4 38 3 1 62 2.39500
4 39 3 2 30 4.58100
4 40 3 3 E6 2.90800
4 41 3 4 58 0.95000
4 42 3 5 93 1.94700
4 43 3 6 AC 2.80100
4 44 3 7 A9 2.63000
4 45 3 8 C9 2.60600
4 46 3 9 AD 3.80600
4 47 3 10 CC 3.18000
4 48 3 11 C5 2.67400
4 49 4 0 DC 1.16000
4 50 4 1 48 1.87900
4 51 4 2 BB 5.53600
4 52 4 3 97 2.03200
4 53 4 4 4D 0.87200
4 54 4 5 8A 2.60400
4 55 4 6 79 1.69200
4 56 4 7 A1 2.82900
4 57 4 8 B0 2.10400
4 58 4 9 F4 1.00000
4 59 4 10 CC 2.74900
4 60 4 11 B4 2.83300
4 61 5 0 1D 1.13400
4 62 5 1 37 0.80000
4 63 5 2 25 1.12300
4 64 5 3 C 0.97400
4 65 5 4 10 1.00000
4 66 5 5 4C 1.00000
4 67 5 6 61 1.00000
4 68 5 7 9C 1.00000
4 69 5 8 80 1.00000
4 70 5 9 C2 1.00000
4 71 5 10 96 1.00000
4 72 5 11 B8 1.00000
4 73 6 0 1C 0.78900
4 74 6 1 1D 0.74100
4 75 6 2 39 1.00700
4 76 6 3 8 0.54400
4 77 6 4 99 1.20500
4 78 6 5 39 1.00000
4 79 6 6 99 1.89600
4 80 6 7 F6 3.00000
4 81 6 8 C6 2.44900
4 82 6 9 B3 2.12200
4 83 6 10 D6 0.90000
4 84 6 11 DE 3.33000
4 90 7 5 4D 0.81700
4 91 7 6 65 1.43300
4 92 7 7 BC 2.72300
4 93 7 8 A3 1.60900
4 94 7 9 DB 2.37900
4 95 7 10 E2 2.09900
4 96 7 11 EB 1.77500
4 102 8 5 7C 0.86000
4 103 8 6 9F 0.92700
4 104 8 7 E3 8.24700
4 105 8 8 A5 0.69500
4 106 8 9 A1 2.53900
4 107 8 10 8A 1.65000
4 108 8 11 C4 0.85900
4 114 9 5 88 0.78800
4 115 9 6 BA 1.03400
4 116 9 7 E6 4.62500
4 117 9 8 ED 2.80100
4 118 9 9 D2 3.01100
4 119 9 10 8E 2.95200
4 120 9 11 AA 1.50000
4 126 10 5 85 0.89400
4 127 10 6 5A 0.95700
4 128 10 7 E7 2.38600
4 129 10 8 B0 2.05500
4 130 10 9 9D 1.27700
4 131 10 10 A1 1.64400
4 132 10 11 BF 1.00000
4 138 11 5 9B 0.88500
4 139 11 6 6F 1.12000
4 140 11 7 F9 2.23700
4 141 11 8 9F 1.87400
4 142 11 9 BD 1.69800
4 143 11 10 D8 2.37300
4 144 11 11 C1 1.00800
4 150 12 5 E0 1.15000
4 151 12 6 BB 1.03100
4 152 12 7 F7 1.80000
4 153 12 8 DF 3.02500
4 154 12 9 E2 3.71600
4 155 12 10 C1 2.05600
4 156 12 11 BF 1.77900
4 162 13 5 81 1.52400
4 163 13 6 22 0.73800
4 164 13 7 F7 2.64300
4 165 13 8 DB 1.23300
4 166 13 9 C8 1.36600
4 167 13 10 9E 2.57200
4 168 13 11 DB 2.91900
4 174 14 5 D5 0.93400
4 175 14 6 D9 1.87400
4 176 14 7 DA 4.24000
4 177 14 8 D6 2.12000
4 178 14 9 EF 2.25100
4 179 14 10 CF 2.64000
4 180 14 11 FB 3.03400
4 186 15 5 DD 0.74600
4 187 15 6 EB 1.28800
4 188 15 7 DE 2.10300
4 189 15 8 F5 4.25400
4 190 15 9 F2 2.42400
4 191 15 10 F6 2.19500
4 192 15 11 84 0.98000
4 198 16 5 FF 1.00000
4 199 16 6 C6 2.16800
4 200 16 7 AE 1.76400
4 201 16 8 D0 1.27400
4 202 16 9 D7 1.81300
4 203 16 10 F8 1.00000
4 204 16 11 EB 3.12300
4 205 17 0 FF 1.00000
4 206 17 1 CA 0.82400
4 207 17 2 B4 0.51300
4 208 17 3 E0 0.73700
4 209 17 4 ED 6.15200
4 210 17 5 EC 2.30000
4 211 17 6 FA 1.00000
4 212 17 7 EC 1.76600
4 213 17 8 DA 2.55000
4 214 17 9 D9 2.20500
4 215 17 10 CA 2.92900
4 216 17 11 BC 0.59500
4 217 18 0 14 0.59000
4 218 18 1 DB 1.10000
4 219 18 2 E6 1.15000
4 220 18 3 ED 1.31600
4 221 18 4 FD 3.00000
4 222 18 5 F5 3.00000
4 223 18 6 AA 1.04100
4 224 18 7 B8 1.87000
4 225 18 8 C0 0.98600
4 226 18 9 CE 2.15500
4 227 18 10 F5 4.09800
4 228 18 11 F9 3.26100
4 229 19 0 92 1.00000
4 230 19 1 E3 2.33000
4 231 19 2 D8 1.82600
4 232 19 3 D1 3.00000
4 233 19 4 F8 3.00000
4 234 19 5 C9 0.88100
4 235 19 6 CB 2.00000
4 236 19 7 F0 1.27300
4 237 19 8 D3 1.00000
4 238 19 9 D4 2.96500
4 239 19 10 EF 3.22600
4 240 19 11 D6 2.37400
4 241 20 0 EE 1.00000
4 242 20 1 D8 1.20000
4 243 20 2 D9 0.83900
4 244 20 3 ED 2.34300
4 245 20 4 EF 7.15200
4 246 20 5 FA 4.22300
4 247 20 6 D4 2.29700
4 248 20 7 EA 2.49300
4 249 20 8 E3 3.00000
4 250 20 9 E1 1.66400
4 251 20 10 B0 1.87100
4 252 20 11 EC 3.42100
4 253 21 0 D7 3.20400
4 254 21 1 E1 1.44100
4 255 21 2 BB 2.28000
4 256 21 3 D2 3.70700
4 257 21 4 CC 2.41000
4 258 21 5 F1 2.02800
4 259 21 6 F2 3.71600
4 260 21 7 DF 4.20700
4 261 21 8 CB 2.36600
4 262 21 9 F2 5.20600
4 263 21 10 C1 1.00500
4 264 21 11 DB 1.40000
4 265 22 0 D0 2.00000
4 266 22 1 EB 1.49000
4 267 22 2 F4 2.00000
4 268 22 3 B9 1.60000
4 269 22 4 DA 2.98300
4 270 22 5 E3 5.84600
4 271 22 6 D5 1.93600
4 272 22 7 FA 3.32800
4 273 22 8 D2 2.07900
4 274 22 9 A6 0.75600
4 275 22 10 8D 0.51300
4 276 22 11 CA 1.46800
4 277 23 0 AE 1.75700
4 278 23 1 C4 2.50000
4 279 23 2 B9 1.82100
4 280 23 3 36 0.88000
4 281 23 4 EF 1.50000
4 282 23 5 C9 2.65700
4 283 23 6 8A 2.40000
4 284 23 7 B2 2.25900
4 285 23 8 A5 1.19800
4 286 23 9 B2 1.00000
4 287 23 10 FD 2.23900
4 288 23 11 C2 1.50000
